datetime,lat,lon,p,t,s,fchl,fdom,par,ed380,ed412,ed490,chla_adj,bbp,sigma,poc,cphyto
2015-12-01 16:15:21,50.373722666666666,-43.58551333333334,0.5,nan,nan,0.216000001878,0.00026116999743,nan,nan,nan,nan,0.0849137939127,nan,nan,nan,nan
2015-12-01 16:15:21,50.373722666666666,-43.58551333333334,1.0,12.622,35.57,0.216000001878,0.000267539997367,8.29000020303,0.56244923912,0.961687552748,0.989428199481,0.0849137939127,0.000425932563512,26.9139226426,0.687383264705,7.63806944338
2015-12-01 16:15:21,50.373722666666666,-43.58551333333334,1.2,12.623,35.57,0.228000001982,0.000267539997367,8.45922662342,0.576762757552,0.997875704058,1.03871734498,0.0900862077508,0.000598889085089,26.9137297118,6.81384917203,10.5000473225
2015-12-01 16:15:21,50.373722666666666,-43.58551333333334,1.4,12.623,35.57,0.216000001878,0.000248429997555,5.50662684855,0.370500085237,0.635758267068,0.667454881026,0.0849137939127,0.000534030725543,26.9137350063,4.51643636019,9.4268111785
2015-12-01 16:15:21,50.373722666666666,-43.58551333333334,1.6,12.623,35.57,0.25200000219,0.000337609996677,7.79234949677,0.529637108738,0.923135872994,0.989856155182,0.100431035427,0.000490791819179,26.9137403009,2.98482781896,8.71132041584
2015-12-01 16:15:21,50.373722666666666,-43.58551333333334,1.8,12.623,35.57,0.264000002295,0.00026116999743,7.61404076095,0.52694126895,0.914445008751,0.956613869028,0.105603449265,0.000361075100087,26.9137455955,-1.60999780471,6.56484812785
2015-12-01 16:15:21,50.373722666666666,-43.58551333333334,2.0,12.623,35.57,0.204000001773,0.000248429997555,8.38147265973,0.562889735817,0.983770315003,1.05577505129,0.0797413800747,0.000555650178725,26.9137508902,5.2822406308,9.78455655983
2015-12-01 16:15:21,50.373722666666666,-43.58551333333334,2.2,12.623,35.571,0.216000001878,0.000254799997492,7.72987393553,0.535152127391,0.93742170808,0.996277373584,0.0849137939127,0.000447551035787,26.9145316268,1.45315278963,7.99579859326
2015-12-01 16:15:21,50.373722666666666,-43.58551333333334,2.4,12.623,35.571,0.216000001878,0.00026116999743,8.51171322134,0.573177489325,1.01277637111,1.10057348628,0.0849137939127,0.000490789942151,26.9145369218,2.98476133086,8.71128935592
2015-12-01 16:15:21,50.373722666666666,-43.58551333333334,2.6,12.623,35.571,0.228000001982,0.000248429997555,8.05348388158,0.553410809224,0.995744953853,1.09568951918,0.0900862077508,0.000512409395333,26.9145422168,3.75056560147,9.06903473726
2015-12-01 16:15:21,50.373722666666666,-43.58551333333334,2.9,12.623,35.571,0.25200000219,0.00026116999743,6.8674894775,0.492778594438,0.886434980425,0.961711948468,0.100431035427,0.000469170488969,26.9145501595,2.21895706025,8.35354397459
2015-12-01 16:15:21,50.373722666666666,-43.58551333333334,3.3,12.622,35.571,0.276000002399,0.000242059997618,6.6672786628,0.480040179729,0.874627633062,0.959673308459,0.110775863103,0.000447550139652,26.914758971,1.45312104677,7.99578376459
2015-12-01 16:15:21,50.373722666666666,-43.58551333333334,3.8,12.622,35.571,0.216000001878,0.000254799997492,5.87193467867,0.418607760518,0.770954953794,0.865789618872,0.0849137939127,0.000447550139652,26.9147722083,1.45312104677,7.99578376459
2015-12-01 16:15:21,50.373722666666666,-43.58551333333334,4.1,12.621,35.572,0.336000002921,0.000242059997618,5.97672971228,0.430359087734,0.791026786585,0.882891707764,0.136637932293,0.000555644632328,26.9157538071,5.28204416634,9.78446478147
2015-12-01 16:15:21,50.373722666666666,-43.58551333333334,4.4,12.621,35.572,0.240000002086,0.000254799997492,5.60381633379,0.402122874535,0.733569167018,0.814166487446,0.0952586215889,0.000382689006872,26.9157617492,-0.844389998568,6.92250173083
2015-12-01 16:15:21,50.373722666666666,-43.58551333333334,5.1,12.619,35.572,0.240000002086,0.000242059997618,5.5605229078,0.396107376656,0.745457729394,0.854135021396,0.0952586215889,0.000404306667408,26.9161766694,-0.0786492270891,7.28021744855
2015-12-01 16:15:21,50.373722666666666,-43.58551333333334,5.4,12.624,35.572,0.240000002086,0.000242059997618,5.32943459614,0.379829805289,0.715771926515,0.82276917708,0.0952586215889,0.000490788961223,26.9151935722,2.98472658443,8.71127312413
2015-12-01 16:15:21,50.373722666666666,-43.58551333333334,5.9,12.624,35.572,0.228000001982,0.000254799997492,4.910408869,0.345884942337,0.665271345062,0.782636024093,0.0900862077508,0.000404311148495,26.9152068145,-0.0784904980224,7.28029159881
2015-12-01 16:15:21,50.373722666666666,-43.58551333333334,6.4,12.622,35.571,0.25200000219,0.000248429997555,5.05024247782,0.356306344417,0.683026834186,0.800635448131,0.100431035427,0.000469169592834,26.9148410497,2.21892531738,8.35352914592
2015-12-01 16:15:21,50.373722666666666,-43.58551333333334,6.8,12.622,35.571,0.228000001982,0.000248429997555,4.71587945039,0.31903507534,0.638069463304,0.787308568701,0.0900862077508,0.000382691780106,26.9148516418,-0.844291765072,6.9225476206
2015-12-01 16:15:21,50.373722666666666,-43.58551333333334,7.2,12.621,35.571,0.240000002086,0.000267539997367,4.61546720806,0.317972447349,0.62143811578,0.747846803161,0.0952586215889,0.000512407602994,26.915060435,3.75050211324,9.06900507873
2015-12-01 16:15:21,50.373722666666666,-43.58551333333334,7.6,12.621,35.571,0.25200000219,0.000242059997618,4.17471756429,0.279256349104,0.558591708553,0.692731434867,0.100431035427,0.000534027056176,26.9150710267,4.51630638385,9.42675046006
2015-12-01 16:15:21,50.373722666666666,-43.58551333333334,8.1,12.621,35.571,0.240000002086,0.000254799997492,4.09627866574,0.272793606493,0.547924517017,0.684328063381,0.0952586215889,0.000404310337084,26.9150842667,-0.078519239827,7.28027817208
2015-12-01 16:15:21,50.373722666666666,-43.58551333333334,8.4,12.623,35.571,0.228000001982,0.000242059997618,3.76463162278,0.245098735618,0.498582393365,0.638184432629,0.0900862077508,0.000382692676241,26.9146958061,-0.844260022206,6.92256244927
2015-12-01 16:15:21,50.373722666666666,-43.58551333333334,8.8,12.623,35.571,0.228000001982,0.000254799997492,3.64568258846,0.235523836978,0.483451807761,0.62284096999,0.0900862077508,0.000425931582605,26.9147064009,0.68734851902,7.63805321193
2015-12-01 16:15:21,50.373722666666666,-43.58551333333334,9.2,12.627,35.571,0.228000001982,0.000242059997618,3.17880248181,0.200991145241,0.418581602495,0.549322699625,0.0900862077508,0.000425935166435,26.9139240792,0.687475465461,7.63811251495
2015-12-01 16:15:21,50.373722666666666,-43.58551333333334,9.5,12.627,35.571,0.228000001982,0.000248429997555,3.17880248181,0.200991145241,0.418581602495,0.549322699625,0.0900862077508,0.000382696260071,26.9139320289,-0.844133075765,6.92262175229
2015-12-01 16:15:21,50.373722666666666,-43.58551333333334,9.7,12.627,35.571,0.25200000219,0.000222949997806,2.79669593138,0.174633134982,0.365064054908,0.485562948967,0.100431035427,0.000469174072799,26.9139373288,2.21908400669,8.35360327761
2015-12-01 16:15:21,50.373722666666666,-43.58551333333334,10.0,12.627,35.571,0.240000002086,0.000242059997618,2.79669593138,0.174633134982,0.365064054908,0.485562948967,0.0952586215889,0.000382696260071,26.9139452788,-0.844133075765,6.92262175229
2015-12-01 16:15:21,50.373722666666666,-43.58551333333334,10.6,12.624,35.571,0.276000002399,0.000242059997618,3.13156177227,0.188722093822,0.406520601201,0.559113228589,0.110775863103,0.000469171385032,26.9145509007,2.21898880061,8.3535588021
2015-12-01 16:15:21,50.373722666666666,-43.58551333333334,11.3,12.627,35.571,0.25200000219,0.000254799997492,3.13156177227,0.188722093822,0.406520601201,0.559113228589,0.100431035427,0.000404315713253,26.913968964,-0.0783288051521,7.28036713362
2015-12-01 16:15:21,50.373722666666666,-43.58551333333334,12.0,12.625,35.572,0.25200000219,0.000254799997492,2.92056620289,0.171078607802,0.376973492974,0.531303370671,0.100431035427,0.0004043120445,26.9151536241,-0.0784587597161,7.28030642536
2015-12-01 16:15:21,50.373722666666666,-43.58551333333334,12.5,12.625,35.572,0.264000002295,0.000242059997618,2.65110570241,0.147661428473,0.336186112628,0.489072400898,0.105603449265,0.000425931497682,26.9151627327,0.687345510897,7.63805180669
2015-12-01 16:15:21,50.373722666666666,-43.58551333333334,13.4,12.627,35.572,0.240000002086,0.000254799997492,2.34722425584,0.128806482813,0.293775289938,0.437370725749,0.0952586215889,0.000404313836299,26.9147826706,-0.0783952906099,7.28033607494
2015-12-01 16:15:21,50.373722666666666,-43.58551333333334,13.7,12.627,35.572,0.240000002086,0.000254799997492,2.34722425584,0.128806482813,0.293775289938,0.437370725749,0.0952586215889,0.000404313836299,26.9147881381,-0.0783952906099,7.28033607494
2015-12-01 16:15:21,50.373722666666666,-43.58551333333334,14.5,12.63,35.573,0.216000001878,0.000248429997555,2.05908839273,0.105444037542,0.251544913279,0.39370095331,0.0849137939127,0.000404314646576,26.9149834013,-0.0783665889711,7.28034948291
2015-12-01 16:15:21,50.373722666666666,-43.58551333333334,15.0,12.63,35.573,0.240000002086,0.000248429997555,1.90669236592,0.0991355624979,0.231614062888,0.360866986925,0.0952586215889,0.00044755355294,26.9149925192,1.45324195225,7.99584024557
2015-12-01 16:15:21,50.373722666666666,-43.58551333333334,15.4,12.632,35.572,0.240000002086,0.000248429997555,1.90669236592,0.0991355624979,0.231614062888,0.360866986925,0.0952586215889,0.000447557220925,26.9138278354,1.4533718796,7.99590094112
2015-12-01 16:15:21,50.373722666666666,-43.58551333333334,16.1,12.632,35.572,0.25200000219,0.000248429997555,1.74756576535,0.0888528700156,0.211578548078,0.332139888946,0.100431035427,0.000382698861379,26.9138406054,-0.844040932243,6.92266479712
2015-12-01 16:15:21,50.373722666666666,-43.58551333333334,16.9,12.63,35.571,0.216000001878,0.000254799997492,1.59568047032,0.0752831349432,0.185926900767,0.312167995297,0.0849137939127,0.000404318400384,26.9134763028,-0.0782336215929,7.28041159861
2015-12-01 16:15:21,50.373722666666666,-43.58551333333334,17.2,12.63,35.571,0.216000001878,0.000254799997492,1.59568047032,0.0752831349432,0.185926900767,0.312167995297,0.0849137939127,0.000404318400384,26.9134817747,-0.0782336215929,7.28041159861
2015-12-01 16:15:21,50.373722666666666,-43.58551333333334,17.9,12.63,35.571,0.240000002086,0.000248429997555,1.42508022104,0.0655779617481,0.163193274539,0.280069165889,0.0952586215889,0.000404318400384,26.9134945431,-0.0782336215929,7.28041159861
2015-12-01 16:15:21,50.373722666666666,-43.58551333333334,18.3,12.628,35.572,0.240000002086,0.000248429997555,1.42508022104,0.0655779617481,0.163193274539,0.280069165889,0.0952586215889,0.000404314732093,26.9146737644,-0.0783635598099,7.28035089798
2015-12-01 16:15:21,50.373722666666666,-43.58551333333334,19.0,12.627,35.571,0.228000001982,0.000248429997555,1.3055531492,0.057058755619,0.14466910248,0.256669053887,0.0900862077508,0.000447554619617,26.9141093184,1.45327973607,7.99585789628
2015-12-01 16:15:21,50.373722666666666,-43.58551333333334,19.4,12.627,35.571,0.228000001982,0.000248429997555,1.3055531492,0.057058755619,0.14466910248,0.256669053887,0.0900862077508,0.000447554619617,26.9141166126,1.45327973607,7.99585789628
2015-12-01 16:15:21,50.373722666666666,-43.58551333333334,20.1,12.624,35.571,0.228000001982,0.00026116999743,1.21433407881,0.0515729784495,0.133685343976,0.23737581029,0.0900862077508,0.000425932478668,26.9147249071,0.687380259383,7.63806803944
2015-12-01 16:15:21,50.373722666666666,-43.58551333333334,20.4,12.624,35.571,0.228000001982,0.00026116999743,1.21433407881,0.0515729784495,0.133685343976,0.23737581029,0.0900862077508,0.000425932478668,26.9147331235,0.687380259383,7.63806803944
2015-12-01 16:15:21,50.373722666666666,-43.58551333333334,21.2,12.623,35.571,0.25200000219,0.00023568999768,1.10201268007,0.0443851970191,0.117903894399,0.213656143686,0.100431035427,0.000447551035787,26.9149532167,1.45315278963,7.99579859326
2015-12-01 16:15:21,50.373722666666666,-43.58551333333334,21.5,12.623,35.571,0.25200000219,0.00023568999768,1.10201268007,0.0443851970191,0.117903894399,0.213656143686,0.100431035427,0.000447551035787,26.9149614329,1.45315278963,7.99579859326
2015-12-01 16:15:21,50.373722666666666,-43.58551333333334,22.4,12.623,35.571,0.240000002086,0.000267539997367,1.03573236507,0.0404709621099,0.108044277494,0.206893044896,0.0952586215889,0.000469170488969,26.9149860825,2.21895706025,8.35354397459
2015-12-01 16:15:21,50.373722666666666,-43.58551333333334,23.3,12.623,35.571,0.228000001982,0.000254799997492,0.977564371052,0.0366697567788,0.1009379639,0.196239341927,0.0900862077508,0.000404312129423,26.9150107336,-0.0784557515931,7.2803078306
2015-12-01 16:15:21,50.373722666666666,-43.58551333333334,23.6,12.623,35.571,0.228000001982,0.000254799997492,0.977564371052,0.0366697567788,0.1009379639,0.196239341927,0.0900862077508,0.000404312129423,26.915018951,-0.0784557515931,7.2803078306
2015-12-01 16:15:21,50.373722666666666,-43.58551333333334,24.3,12.622,35.571,0.264000002295,0.000254799997492,0.977564371052,0.0366697567788,0.1009379639,0.196239341927,0.105603449265,0.000490789046016,26.9152362896,2.98472958799,8.71127452725
2015-12-01 16:15:21,50.373722666666666,-43.58551333333334,24.8,12.622,35.571,0.264000002295,0.000254799997492,0.949074248198,0.034986871949,0.0959335177069,0.190946786076,0.105603449265,0.000490789046016,26.9152499849,2.98472958799,8.71127452725
2015-12-01 16:15:21,50.373722666666666,-43.58551333333334,25.7,12.623,35.571,0.216000001878,0.00026116999743,0.904842501044,0.0312336526412,0.0885969995882,0.183438597852,0.0849137939127,0.000469170488969,26.9150764774,2.21895706025,8.35354397459
2015-12-01 16:15:21,50.373722666666666,-43.58551333333334,26.4,12.623,35.571,0.240000002086,0.00026116999743,0.904842501044,0.0312336526412,0.0885969995882,0.183438597852,0.0952586215889,0.000382692676241,26.9150956547,-0.844260022206,6.92256244927
2015-12-01 16:15:21,50.373722666666666,-43.58551333333334,26.9,12.623,35.571,0.240000002086,0.00026116999743,0.875881238026,0.0293365177156,0.0825888044732,0.18009887568,0.0952586215889,0.000382692676241,26.9151093534,-0.844260022206,6.92256244927
2015-12-01 16:15:21,50.373722666666666,-43.58551333333334,27.6,12.623,35.571,0.216000001878,0.000242059997618,0.838490921151,0.0252063457019,0.0763818613523,0.174041594464,0.0849137939127,0.000382692676241,26.9151285323,-0.844260022206,6.92256244927
2015-12-01 16:15:21,50.373722666666666,-43.58551333333334,27.9,12.623,35.571,0.216000001878,0.000242059997618,0.838490921151,0.0252063457019,0.0763818613523,0.174041594464,0.0849137939127,0.000382692676241,26.9151367521,-0.844260022206,6.92256244927
2015-12-01 16:15:21,50.373722666666666,-43.58551333333334,28.7,12.621,35.57,0.216000001878,0.000248429997555,0.819665110399,0.0228893330732,0.0725252921319,0.175003217109,0.0849137939127,0.000404312214137,26.9147795097,-0.078452750831,7.28030923241
2015-12-01 16:15:21,50.373722666666666,-43.58551333333334,29.2,12.622,35.571,0.216000001878,0.000248429997555,0.819665110399,0.0228893330732,0.0725252921319,0.175003217109,0.0849137939127,0.000404311233288,26.9153705242,-0.0784874944589,7.28029300193
2015-12-01 16:15:21,50.373722666666666,-43.58551333333334,29.9,12.622,35.571,0.228000001982,0.000248429997555,0.834579270042,0.0242209452174,0.0750589717473,0.178620801153,0.0900862077508,0.000469169592834,26.9153897043,2.21892531738,8.35352914592
2015-12-01 16:15:21,50.373722666666666,-43.58551333333334,30.2,12.626,35.571,0.228000001982,0.000248429997555,0.834579270042,0.0242209452174,0.0750589717473,0.178620801153,0.0900862077508,0.000469173176947,26.9146072102,2.21905227383,8.35358845361
2015-12-01 16:15:21,50.373722666666666,-43.58551333333334,30.8,12.626,35.571,0.228000001982,0.00026116999743,0.838019780987,0.022616787457,0.0728939053401,0.183296035614,0.0900862077508,0.000382695364219,26.9146294661,-0.844164808622,6.92260692829
2015-12-01 16:15:21,50.373722666666666,-43.58551333333334,31.3,12.627,35.571,0.228000001982,0.00026116999743,0.838019780987,0.022616787457,0.0728939053401,0.183296035614,0.0900862077508,0.000382696260071,26.9144498294,-0.844133075765,6.92262175229
2015-12-01 16:15:21,50.373722666666666,-43.58551333333334,32.0,12.625,35.571,0.216000001878,0.000254799997492,0.837402151865,0.0212851753128,0.0711972550965,0.184065871701,0.0849137939127,0.000425933374661,26.9148721523,0.687411997245,7.63808286578
2015-12-01 16:15:21,50.373722666666666,-43.58551333333334,32.5,12.625,35.571,0.216000001878,0.000254799997492,0.837402151865,0.0212851753128,0.0711972550965,0.184065871701,0.0849137939127,0.000425933374661,26.9148906993,0.687411997245,7.63808286578
2015-12-01 16:15:21,50.373722666666666,-43.58551333333334,33.1,12.628,35.571,0.240000002086,0.000242059997618,0.855938943861,0.0209320281732,0.0707108229266,0.190457501715,0.0952586215889,0.000404316609034,26.9143184192,-0.0782970747971,7.28038195645
2015-12-01 16:15:21,50.373722666666666,-43.58551333333334,33.4,12.628,35.571,0.240000002086,0.000242059997618,0.855938943861,0.0209320281732,0.0707108229266,0.190457501715,0.0952586215889,0.000404316609034,26.9143295503,-0.0782970747971,7.28038195645
2015-12-01 16:15:21,50.373722666666666,-43.58551333333334,34.1,12.633,35.572,0.240000002086,0.000248429997555,0.860353408422,0.0217940895824,0.0718718544433,0.192146998731,0.0952586215889,0.000447558116365,26.914139887,1.45340359789,7.99591575831
2015-12-01 16:15:21,50.373722666666666,-43.58551333333334,34.4,12.633,35.572,0.240000002086,0.000248429997555,0.860353408422,0.0217940895824,0.0718718544433,0.192146998731,0.0952586215889,0.000447558116365,26.914151023,1.45340359789,7.99591575831
2015-12-01 16:15:21,50.373722666666666,-43.58551333333334,35.3,12.631,35.572,0.264000002295,0.000254799997492,0.821692200852,0.0209339026272,0.067570890401,0.179875079865,0.105603449265,0.000425936872232,26.9145808883,0.687535888191,7.63814074142
2015-12-01 16:15:21,50.373722666666666,-43.58551333333334,35.6,12.631,35.572,0.264000002295,0.000254799997492,0.821692200852,0.0209339026272,0.067570890401,0.179875079865,0.105603449265,0.000425936872232,26.9145920234,0.687535888191,7.63814074142
2015-12-01 16:15:21,50.373722666666666,-43.58551333333334,36.4,12.631,35.572,0.25200000219,0.000254799997492,0.80909810958,0.0187899021056,0.0646711712927,0.184951102505,0.100431035427,0.000447556325414,26.9146217177,1.4533401588,7.99588612275
2015-12-01 16:15:21,50.373722666666666,-43.58551333333334,36.7,12.631,35.572,0.25200000219,0.000254799997492,0.80909810958,0.0187899021056,0.0646711712927,0.184951102505,0.100431035427,0.000447556325414,26.9146328534,1.4533401588,7.99588612275
2015-12-01 16:15:21,50.373722666666666,-43.58551333333334,37.6,12.631,35.572,0.228000001982,0.000254799997492,0.752303944441,0.0167471221018,0.0604748716679,0.172411274225,0.0900862077508,0.00051241468496,26.9146662615,3.75075297064,9.06912226674
2015-12-01 16:15:21,50.373722666666666,-43.58551333333334,38.6,12.629,35.572,0.216000001878,0.000254799997492,0.724249329302,0.0155455970674,0.05491364509,0.166221114243,0.0849137939127,0.000425935080998,26.9150997836,0.687472439101,7.63811110119
2015-12-01 16:15:21,50.373722666666666,-43.58551333333334,39.1,12.629,35.572,0.216000001878,0.000254799997492,0.724249329302,0.0155455970674,0.05491364509,0.166221114243,0.0849137939127,0.000425935080998,26.9151183426,0.687472439101,7.63811110119
2015-12-01 16:15:21,50.373722666666666,-43.58551333333334,39.8,12.623,35.571,0.240000002086,0.00026116999743,0.662494335378,0.0138627122376,0.050403638181,0.154197737844,0.0952586215889,0.000447551035787,26.9155578131,1.45315278963,7.99579859326
2015-12-01 16:15:21,50.373722666666666,-43.58551333333334,40.3,12.622,35.57,0.240000002086,0.00026116999743,0.662494335378,0.0138627122376,0.050403638181,0.154197737844,0.0952586215889,0.000447552016694,26.9149986995,1.45318753532,7.99581482471
2015-12-01 16:15:21,50.373722666666666,-43.58551333333334,41.1,12.622,35.57,0.240000002086,0.000254799997492,0.646241979303,0.0133058119448,0.0459614057719,0.144623742092,0.0952586215889,0.00040431311033,26.9150275223,-0.078421005908,7.28032406205
2015-12-01 16:15:21,50.373722666666666,-43.58551333333334,41.7,12.623,35.57,0.240000002086,0.000254799997492,0.646241979303,0.0133058119448,0.0459614057719,0.144623742092,0.0952586215889,0.000404314006451,26.9148510248,-0.0783892634873,7.28033889051
2015-12-01 16:15:21,50.373722666666666,-43.58551333333334,42.7,12.623,35.57,0.25200000219,0.000273909997304,0.591617434415,0.0119005337571,0.0423010108423,0.134358453976,0.100431035427,0.000404314006451,26.9148870589,-0.0783892634873,7.28033889051
2015-12-01 16:15:21,50.373722666666666,-43.58551333333334,43.6,12.624,35.57,0.240000002086,0.000242059997618,0.564216080848,0.0106853252083,0.0388053336845,0.127902805448,0.0952586215889,0.000469173262048,26.9147213712,2.21905528827,8.35358986181
2015-12-01 16:15:21,50.373722666666666,-43.58551333333334,44.4,12.624,35.57,0.240000002086,0.000242059997618,0.564216080848,0.0106853252083,0.0388053336845,0.127902805448,0.0952586215889,0.000469173262048,26.9147502034,2.21905528827,8.35358986181
2015-12-01 16:15:21,50.373722666666666,-43.58551333333334,45.2,12.621,35.571,0.240000002086,0.000248429997555,0.532000387454,0.0107539302259,0.0360311546835,0.12247279808,0.0952586215889,0.000382690883902,26.9161488257,-0.84432351044,6.92253279075
2015-12-01 16:15:21,50.373722666666666,-43.58551333333334,45.8,12.621,35.571,0.240000002086,0.000254799997492,0.498771148833,0.00977359076723,0.0330768156196,0.111710962998,0.0952586215889,0.000447549243448,26.9161704472,1.4530893014,7.99576893474
2015-12-01 16:15:21,50.373722666666666,-43.58551333333334,46.4,12.621,35.571,0.240000002086,0.000254799997492,0.498771148833,0.00977359076723,0.0330768156196,0.111710962998,0.0952586215889,0.000447549243448,26.9161920694,1.4530893014,7.99576893474
2015-12-01 16:15:21,50.373722666666666,-43.58551333333334,47.2,12.625,35.571,0.216000001878,0.000248429997555,0.470391882489,0.00889109780906,0.0291836424499,0.101010456578,0.0849137939127,0.000447552827843,26.9154284698,1.45321626786,7.99582824711
2015-12-01 16:15:21,50.373722666666666,-43.58551333333334,47.9,12.625,35.571,0.228000001982,0.000254799997492,0.443026161371,0.00771187877765,0.02633110812,0.0950368298062,0.0900862077508,0.000447552827843,26.9154537051,1.45321626786,7.99582824711
2015-12-01 16:15:21,50.373722666666666,-43.58551333333334,48.6,12.629,35.572,0.228000001982,0.000254799997492,0.443026161371,0.00771187877765,0.02633110812,0.0950368298062,0.0900862077508,0.00044755453418,26.9154618294,1.45327670971,7.99585648252
2015-12-01 16:15:21,50.373722666666666,-43.58551333333334,49.3,12.628,35.573,0.240000002086,0.000248429997555,0.391046336058,0.00770681775177,0.0237531034098,0.0856766774112,0.0952586215889,0.000382693401994,26.9164606922,-0.844234314568,6.92257445859
2015-12-01 16:15:21,50.373722666666666,-43.58551333333334,50.0,12.628,35.573,0.228000001982,0.000254799997492,0.373127173185,0.00759191371962,0.0201713497775,0.078131638194,0.0900862077508,0.000490790667904,26.916485937,2.9847870385,8.71130136525
2015-12-01 16:15:21,50.373722666666666,-43.58551333333334,50.7,12.627,35.572,0.228000001982,0.000254799997492,0.373127173185,0.00759191371962,0.0201713497775,0.078131638194,0.0900862077508,0.000490791649027,26.9159335058,2.98482179184,8.71131760027
2015-12-01 16:15:21,50.373722666666666,-43.58551333333334,51.5,12.631,35.572,0.228000001982,0.00026116999743,0.352602882346,0.00690473887156,0.0180823509524,0.0700626155046,0.0900862077508,0.00040431741905,26.9151693226,-0.0782683824218,7.28039536009
2015-12-01 16:15:21,50.373722666666666,-43.58551333333334,52.3,12.63,35.572,0.216000001878,0.000248429997555,0.326939600476,0.00570171427394,0.015723969938,0.0631249452198,0.0849137939127,0.000447555429832,26.9153959411,1.45330843551,7.99587130322
2015-12-01 16:15:21,50.373722666666666,-43.58551333333334,52.8,12.63,35.572,0.216000001878,0.000248429997555,0.326939600476,0.00570171427394,0.015723969938,0.0631249452198,0.0849137939127,0.000447555429832,26.9154137218,1.45330843551,7.99587130322
2015-12-01 16:15:21,50.373722666666666,-43.58551333333334,54.0,12.625,35.572,0.216000001878,0.00026116999743,0.301347583504,0.00577706732602,0.0149212567686,0.0588483470553,0.0849137939127,0.0004043120445,26.9164470714,-0.0784587597161,7.28030642536
2015-12-01 16:15:21,50.373722666666666,-43.58551333333334,54.8,12.627,35.572,0.216000001878,0.00026116999743,0.293092732733,0.00495961792275,0.0145552172757,0.0540552970085,0.0849137939127,0.000447552742663,26.9160792763,1.45321325062,7.99582683761
2015-12-01 16:15:21,50.373722666666666,-43.58551333333334,55.6,12.631,35.572,0.216000001878,0.00026116999743,0.293092732733,0.00495961792275,0.0145552172757,0.0540552970085,0.0849137939127,0.000447556325414,26.9153151432,1.4533401588,7.99588612275
2015-12-01 16:15:21,50.373722666666666,-43.58551333333334,56.5,12.635,35.572,0.25200000219,0.00023568999768,0.27372847608,0.00512419498675,0.0130335796647,0.0499481596179,0.100431035427,0.000425940453852,26.9145544323,0.68766275635,7.63820000787
2015-12-01 16:15:21,50.373722666666666,-43.58551333333334,57.3,12.631,35.572,0.228000001982,0.000254799997492,0.266269416678,0.00499054641428,0.0107535539792,0.0460502928337,0.0900862077508,0.000425936872232,26.9153756147,0.687535888191,7.63814074142
2015-12-01 16:15:21,50.373722666666666,-43.58551333333334,58.0,12.634,35.572,0.25200000219,0.00023568999768,0.247772216292,0.00415079100803,0.0103248874167,0.0445278357225,0.100431035427,0.000469178464917,26.9148059995,2.21923958429,8.35367595567
2015-12-01 16:15:21,50.373722666666666,-43.58551333333334,58.9,12.634,35.573,0.228000001982,0.000248429997555,0.250812851972,0.00433073859508,0.00938347959578,0.040263341899,0.0900862077508,0.00040431822853,26.9156134806,-0.078239709026,7.28040875486
2015-12-01 16:15:21,50.373722666666666,-43.58551333333334,59.4,12.634,35.573,0.228000001982,0.000248429997555,0.250812851972,0.00433073859508,0.00938347959578,0.040263341899,0.0900862077508,0.00040431822853,26.9156312733,-0.078239709026,7.28040875486
2015-12-01 16:15:21,50.373722666666666,-43.58551333333334,60.4,12.636,35.572,0.228000001982,0.000254799997492,0.223593619813,0.00414216851948,0.00892850394476,0.0374107522056,0.0900862077508,0.000534038614991,26.914495023,4.5167158202,9.42694172821
2015-12-01 16:15:21,50.373722666666666,-43.58551333333334,61.0,12.636,35.572,0.240000002086,0.000254799997492,0.243864524345,0.00320306704955,0.00886330316008,0.0364243829076,0.0952586215889,0.000425941349081,26.9145163788,0.687694467136,7.63821482156
2015-12-01 16:15:21,50.373722666666666,-43.58551333333334,61.6,12.623,35.571,0.240000002086,0.000254799997492,0.243864524345,0.00320306704955,0.00886330316008,0.0364243829076,0.0952586215889,0.000425931582605,26.916337994,0.68734851902,7.63805321193
2015-12-01 16:15:21,50.373722666666666,-43.58551333333334,62.4,12.623,35.571,0.228000001982,0.00026116999743,0.225149570102,0.00364000228436,0.00839517296478,0.0355956390278,0.0900862077508,0.000425931582605,26.9163664419,0.68734851902,7.63805321193
2015-12-01 16:15:21,50.373722666666666,-43.58551333333334,63.0,12.623,35.571,0.216000001878,0.00023568999768,0.213818451201,0.00503665798346,0.00734681297947,0.0334757654424,0.0849137939127,0.000447551035787,26.9163877787,1.45315278963,7.99579859326
2015-12-01 16:15:21,50.373722666666666,-43.58551333333334,63.7,12.622,35.57,0.216000001878,0.00023568999768,0.213818451201,0.00503665798346,0.00734681297947,0.0334757654424,0.0849137939127,0.000447552016694,26.9158352478,1.45318753532,7.99581482471
2015-12-01 16:15:21,50.373722666666666,-43.58551333333334,64.3,12.622,35.571,0.25200000219,0.000242059997618,0.217947856168,0.00437347614701,0.00689183732845,0.03276994787,0.100431035427,0.00042593068647,26.9166320676,0.687316776154,7.63803838326
2015-12-01 16:15:21,50.373722666666666,-43.58551333333334,64.9,12.622,35.571,0.216000001878,0.000273909997304,0.206905756023,0.00417984504552,0.00749065506147,0.0339308886636,0.0849137939127,0.000404311233288,26.9166534049,-0.0784874944589,7.28029300193
2015-12-01 16:15:21,50.373722666666666,-43.58551333333334,65.4,12.632,35.571,0.216000001878,0.000273909997304,0.206905756023,0.00417984504552,0.00749065506147,0.0339308886636,0.0849137939127,0.000404320191452,26.9146902118,-0.0781701783962,7.28044123609
2015-12-01 16:15:21,50.373722666666666,-43.58551333333334,66.0,12.632,35.571,0.216000001878,0.000267539997367,0.212987027383,0.00381657585416,0.00765022540293,0.0347004557652,0.0849137939127,0.000425939644634,26.9147115665,0.687634092217,7.63818661742
2015-12-01 16:15:21,50.373722666666666,-43.58551333333334,66.6,12.642,35.573,0.216000001878,0.000267539997367,0.21696994339,0.00407525051055,0.00717952149245,0.033539783957,0.0849137939127,0.000425944842228,26.9143019069,0.687818201401,7.63827262401
2015-12-01 16:15:21,50.373722666666666,-43.58551333333334,66.9,12.642,35.573,0.240000002086,0.000248429997555,0.21696994339,0.00407525051055,0.00717952149245,0.033539783957,0.0952586215889,0.00044756429541,26.9143125933,1.45362247201,7.99601800534
2015-12-01 16:15:21,50.373722666666666,-43.58551333333334,67.5,12.639,35.574,0.240000002086,0.000248429997555,0.212662376177,0.00377027683957,0.0072238465873,0.0335693723461,0.0952586215889,0.000447559733992,26.9157040978,1.45346089746,7.9959425258
2015-12-01 16:15:21,50.373722666666666,-43.58551333333334,68.1,12.638,35.573,0.204000001773,0.00026116999743,0.212662376177,0.00377027683957,0.0072238465873,0.0335693723461,0.0797413800747,0.000490799622081,26.915148219,2.98510421334,8.71144953344
2015-12-01 16:15:21,50.373722666666666,-43.58551333333334,68.5,12.638,35.573,0.204000001773,0.00026116999743,0.203576101587,0.00442671064151,0.00744089656789,0.0342111714039,0.0797413800747,0.000490799622081,26.9151624644,2.98510421334,8.71144953344
2015-12-01 16:15:21,50.373722666666666,-43.58551333333334,69.0,12.641,35.573,0.216000001878,0.000242059997618,0.203576101587,0.00442671064151,0.00744089656789,0.0342111714039,0.0849137939127,0.000447563400593,26.9145856346,1.45359077579,7.99600319845
2015-12-01 16:15:21,50.373722666666666,-43.58551333333334,69.5,12.641,35.573,0.216000001878,0.000242059997618,0.205927843246,0.00354403023793,0.00726302425178,0.0337856365717,0.0849137939127,0.000447563400593,26.9146034463,1.45359077579,7.99600319845
2015-12-01 16:15:21,50.373722666666666,-43.58551333333334,70.0,12.641,35.573,0.216000001878,0.000229319997743,0.205927843246,0.00354403023793,0.00726302425178,0.0337856365717,0.0849137939127,0.000404324494229,26.9146212585,-0.0780177654339,7.28051243579
2015-12-01 16:15:21,50.373722666666666,-43.58551333333334,70.6,12.632,35.573,0.240000002086,0.000248429997555,0.202344802503,0.00344299716562,0.00643171424706,0.0321797940004,0.0952586215889,0.000382696984512,26.916426246,-0.844107414608,6.92263373989
2015-12-01 16:15:21,50.373722666666666,-43.58551333333334,71.1,12.632,35.573,0.240000002086,0.000248429997555,0.209257497682,0.00426550759478,0.00667478734785,0.0311861620978,0.0952586215889,0.000382696984512,26.9164440472,-0.844107414608,6.92263373989
2015-12-01 16:15:21,50.373722666666666,-43.58551333333334,71.6,12.637,35.572,0.240000002086,0.000242059997618,0.209257497682,0.00426550759478,0.00667478734785,0.0311861620978,0.0952586215889,0.000469181150603,26.9146956029,2.21933471665,8.35372039674
2015-12-01 16:15:21,50.373722666666666,-43.58551333333334,71.9,12.637,35.572,0.216000001878,0.000254799997492,0.197712584085,0.00335714717096,0.00658327747461,0.0308467025793,0.0849137939127,0.000425942244239,26.9147062879,0.68772617542,7.63822963408
2015-12-01 16:15:21,50.373722666666666,-43.58551333333334,72.4,12.642,35.574,0.240000002086,0.00023568999768,0.186199343777,0.00397590444686,0.00596358405176,0.0305567363663,0.0952586215889,0.000425942965512,26.915283992,0.68775172435,7.63824156926
2015-12-01 16:15:21,50.373722666666666,-43.58551333333334,72.6,12.642,35.574,0.240000002086,0.00023568999768,0.186199343777,0.00397590444686,0.00596358405176,0.0305567363663,0.0952586215889,0.000425942965512,26.9152911186,0.68775172435,7.63824156926
2015-12-01 16:15:21,50.373722666666666,-43.58551333333334,72.9,12.642,35.574,0.300000002608,0.00026116999743,0.203251450382,0.00415922605117,0.00676114979073,0.0280382264843,0.121120690779,0.00040432351233,26.9153018087,-0.0780525462626,7.28049618793
2015-12-01 16:15:21,50.373722666666666,-43.58551333333334,73.3,12.641,35.573,0.300000002608,0.00026116999743,0.209332721741,0.00334008963927,0.00670624386678,0.0281267226662,0.121120690779,0.000404324494229,26.9147388308,-0.0780177654339,7.28051243579
2015-12-01 16:15:21,50.373722666666666,-43.58551333333334,73.7,12.641,35.573,0.228000001982,0.00026116999743,0.209332721741,0.00334008963927,0.00670624386678,0.0281267226662,0.0900862077508,0.000425943947411,26.9147530834,0.687786505179,7.63825781712
2015-12-01 16:15:21,50.373722666666666,-43.58551333333334,74.2,12.641,35.573,0.300000002608,0.000254799997492,0.184643393487,0.00378058633675,0.00556380029304,0.0277875321331,0.121120690779,0.000361085587865,26.9147708996,-1.60962630666,6.56502167313
2015-12-01 16:15:21,50.373722666666666,-43.58551333333334,74.6,12.641,35.573,0.300000002608,0.000254799997492,0.189568589823,0.00399127496992,0.00506163986363,0.0258422300433,0.121120690779,0.000361085587865,26.9147851528,-1.60962630666,6.56502167313
2015-12-01 16:15:21,50.373722666666666,-43.58551333333334,75.0,12.641,35.573,0.264000002295,0.000248429997555,0.189568589823,0.00399127496992,0.00506163986363,0.0258422300433,0.105603449265,0.000490802306957,26.9147994064,2.98519931702,8.71149396111
2015-12-01 16:15:21,50.373722666666666,-43.58551333333334,75.4,12.639,35.572,0.228000001982,0.00026116999743,0.184861147345,0.00327317163034,0.00572308466615,0.0247525703688,0.0900862077508,0.000425944034343,26.9144346014,0.687789584484,7.63825925562
2015-12-01 16:15:21,50.373722666666666,-43.58551333333334,75.8,12.639,35.572,0.228000001982,0.00026116999743,0.191702577624,0.00371535533644,0.00488662723106,0.0249814769062,0.0900862077508,0.000425944034343,26.9144488531,0.687789584484,7.63825925562
2015-12-01 16:15:21,50.373722666666666,-43.58551333333334,76.1,12.639,35.572,0.240000002086,0.00026116999743,0.191702577624,0.00371535533644,0.00488662723106,0.0249814769062,0.0952586215889,0.000382705127979,26.9144591112,-0.843818956742,6.92276849295
2015-12-01 16:15:21,50.373722666666666,-43.58551333333334,76.5,12.642,35.572,0.240000002086,0.00026116999743,0.189386468415,0.00293558245921,0.00526553529995,0.0243149311957,0.0952586215889,0.000490805078515,26.9138770399,2.98529749116,8.71153982315
2015-12-01 16:15:21,50.373722666666666,-43.58551333333334,76.7,12.642,35.572,0.240000002086,0.00026116999743,0.189386468415,0.00293558245921,0.00526553529995,0.0243149311957,0.0952586215889,0.000490805078515,26.9138833059,2.98529749116,8.71153982315
2015-12-01 16:15:21,50.373722666666666,-43.58551333333334,77.1,12.642,35.572,0.228000001982,0.000242059997618,0.189457733314,0.00438378564418,0.00488119383233,0.02394346242,0.0900862077508,0.000490805078515,26.9138958381,2.98529749116,8.71153982315
2015-12-01 16:15:21,50.373722666666666,-43.58551333333334,77.5,12.641,35.572,0.228000001982,0.000242059997618,0.195503372224,0.00404094800177,0.00640569112686,0.0248781865298,0.0900862077508,0.00049080418371,26.9141065775,2.98526579538,8.71152501647
2015-12-01 16:15:21,50.373722666666666,-43.58551333333334,77.9,12.641,35.572,0.25200000219,0.000254799997492,0.195503372224,0.00404094800177,0.00640569112686,0.0248781865298,0.100431035427,0.00049080418371,26.9141191092,2.98526579538,8.71152501647
2015-12-01 16:15:21,50.373722666666666,-43.58551333333334,78.4,12.643,35.572,0.240000002086,0.000242059997618,0.191955963931,0.00398958796129,0.00495983512965,0.0249370943226,0.0952586215889,0.000404328160521,26.9137383558,-0.0778878980172,7.28057310334
2015-12-01 16:15:21,50.373722666666666,-43.58551333333334,78.7,12.643,35.572,0.240000002086,0.000242059997618,0.191955963931,0.00398958796129,0.00495983512965,0.0249370943226,0.0952586215889,0.000404328160521,26.9137477567,-0.0778878980172,7.28057310334
2015-12-01 16:15:21,50.373722666666666,-43.58551333333334,79.5,12.643,35.573,0.25200000219,0.000242059997618,0.181820511665,0.00403757398451,0.00608140301356,0.0258346984533,0.100431035427,0.000425945736975,26.9145482804,0.687849895122,7.63828742972
2015-12-01 16:15:21,50.373722666666666,-43.58551333333334,80.1,12.643,35.573,0.25200000219,0.000242059997618,0.178273103372,0.00401695499016,0.00472448317441,0.0254314894057,0.100431035427,0.000425945736975,26.914567084,0.687849895122,7.63828742972
2015-12-01 16:15:21,50.373722666666666,-43.58551333333334,80.7,12.644,35.573,0.240000002086,0.000242059997618,0.178273103372,0.00401695499016,0.00472448317441,0.0254314894057,0.0952586215889,0.000490804991197,26.9143876687,2.98529439818,8.71153837827
2015-12-01 16:15:21,50.373722666666666,-43.58551333333334,81.5,12.647,35.572,0.240000002086,0.000248429997555,0.187034726756,0.00352697270624,0.0052472333253,0.0269660508579,0.0952586215889,0.000361092832388,26.9130425871,-1.60936969115,6.56514155104
2015-12-01 16:15:21,50.373722666666666,-43.58551333333334,82.1,12.647,35.572,0.240000002086,0.000248429997555,0.187937415474,0.00439746915861,0.00617548660198,0.027155416548,0.0952586215889,0.000361092832388,26.913061399,-1.60936969115,6.56514155104
2015-12-01 16:15:21,50.373722666666666,-43.58551333333334,82.7,12.648,35.573,0.25200000219,0.000242059997618,0.187937415474,0.00439746915861,0.00617548660198,0.027155416548,0.100431035427,0.00042595020965,26.9136574069,0.68800832621,7.63836144079
2015-12-01 16:15:21,50.373722666666666,-43.58551333333334,83.3,12.647,35.572,0.240000002086,0.000267539997367,0.194236440691,0.00410280498481,0.00546170959071,0.0293172518489,0.0952586215889,0.000447570645116,26.9130990249,1.4538473913,7.99612307636
2015-12-01 16:15:21,50.373722666666666,-43.58551333333334,83.7,12.647,35.572,0.240000002086,0.000267539997367,0.194236440691,0.00410280498481,0.00546170959071,0.0293172518489,0.0952586215889,0.000447570645116,26.9131115675,1.4538473913,7.99612307636
2015-12-01 16:15:21,50.373722666666666,-43.58551333333334,84.3,12.647,35.573,0.228000001982,0.000254799997492,0.202562556361,0.00418153205415,0.0065598280696,0.0298137988148,0.0900862077508,0.000447568768438,26.913905831,1.45378091561,7.99609202224
2015-12-01 16:15:21,50.373722666666666,-43.58551333333334,84.8,12.647,35.573,0.228000001982,0.000254799997492,0.202562556361,0.00418153205415,0.0065598280696,0.0298137988148,0.0900862077508,0.000447568768438,26.9139215105,1.45378091561,7.99609202224
2015-12-01 16:15:21,50.373722666666666,-43.58551333333334,85.5,12.649,35.573,0.228000001982,0.000242059997618,0.196516917451,0.00419352855995,0.00658070375943,0.0320396526303,0.0900862077508,0.000404331650791,26.9135469626,-0.0777642656878,7.28063085817
2015-12-01 16:15:21,50.373722666666666,-43.58551333333334,86.1,12.646,35.573,0.228000001982,0.000242059997618,0.204082874201,0.00399127496992,0.00714549125834,0.0315697352145,0.0900862077508,0.00040432896761,26.9141605135,-0.0778593093352,7.28058645854
2015-12-01 16:15:21,50.373722666666666,-43.58551333333334,86.6,12.646,35.573,0.216000001878,0.00023568999768,0.204082874201,0.00399127496992,0.00714549125834,0.0315697352145,0.0849137939127,0.00040432896761,26.9141761934,-0.0778593093352,7.28058645854
2015-12-01 16:15:21,50.373722666666666,-43.58551333333334,87.1,12.646,35.573,0.216000001878,0.00023568999768,0.199268534374,0.00381994987142,0.00687096163861,0.0312205922232,0.0849137939127,0.00040432896761,26.9141918738,-0.0778593093352,7.28058645854
2015-12-01 16:15:21,50.373722666666666,-43.58551333333334,88.0,12.643,35.573,0.25200000219,0.00023568999768,0.199268534374,0.00381994987142,0.00687096163861,0.0312205922232,0.100431035427,0.000447565190157,26.9148147284,1.45365416573,7.99603281105
2015-12-01 16:15:21,50.373722666666666,-43.58551333333334,88.6,12.643,35.573,0.25200000219,0.00023568999768,0.202562556361,0.00385593938883,0.00547486413498,0.0319019321283,0.100431035427,0.000447565190157,26.9148335416,1.45365416573,7.99603281105
2015-12-01 16:15:21,50.373722666666666,-43.58551333333334,89.2,12.646,35.573,0.216000001878,0.000248429997555,0.202562556361,0.00385593938883,0.00547486413498,0.0319019321283,0.0849137939127,0.00040432896761,26.9142577365,-0.0778593093352,7.28058645854
2015-12-01 16:15:21,50.373722666666666,-43.58551333333334,89.7,12.646,35.573,0.216000001878,0.000248429997555,0.22077073799,0.00337270513943,0.00551661551465,0.03053683145,0.0849137939127,0.00040432896761,26.9142734194,-0.0778593093352,7.28058645854
2015-12-01 16:15:21,50.373722666666666,-43.58551333333334,90.3,12.643,35.572,0.25200000219,0.000248429997555,0.22077073799,0.00337270513943,0.00551661551465,0.03053683145,0.100431035427,0.000447567066885,26.9141113886,1.45372064321,7.996063866
2015-12-01 16:15:21,50.373722666666666,-43.58551333333334,90.6,12.643,35.572,0.25200000219,0.000248429997555,0.219179155251,0.00403926099314,0.00625126821576,0.0312157504869,0.100431035427,0.000447567066885,26.9141207963,1.45372064321,7.996063866
2015-12-01 16:15:21,50.373722666666666,-43.58551333333334,91.5,12.644,35.573,0.276000002399,0.00026116999743,0.219179155251,0.00403926099314,0.00625126821576,0.0312157504869,0.110775863103,0.000469185538015,26.9147262915,2.21949012757,8.35379299694
2015-12-01 16:15:21,50.373722666666666,-43.58551333333334,92.2,12.643,35.573,0.25200000219,0.000242059997618,0.20411850665,0.0042671946034,0.00553234377411,0.0292532333343,0.100431035427,0.000425945736975,26.9149464355,0.687849895122,7.63828742972
2015-12-01 16:15:21,50.373722666666666,-43.58551333333334,92.6,12.643,35.573,0.25200000219,0.000242059997618,0.20411850665,0.0042671946034,0.00553234377411,0.0292532333343,0.100431035427,0.000425945736975,26.9149589808,0.687849895122,7.63828742972
2015-12-01 16:15:21,50.373722666666666,-43.58551333333334,93.3,12.645,35.573,0.240000002086,0.000273909997304,0.193369384423,0.00308310199151,0.00503561674343,0.0268159570296,0.0952586215889,0.000425947526257,26.9145845547,0.68791327506,7.63831703766
2015-12-01 16:15:21,50.373722666666666,-43.58551333333334,93.8,12.645,35.573,0.240000002086,0.000273909997304,0.193369384423,0.00308310199151,0.00503561674343,0.0268159570296,0.0952586215889,0.000425947526257,26.9146002401,0.68791327506,7.63831703766
2015-12-01 16:15:21,50.373722666666666,-43.58551333333334,94.6,12.644,35.573,0.216000001878,0.000248429997555,0.190364381192,0.00362107029864,0.005066787294,0.026336356141,0.0849137939127,0.000469185538015,26.9148235295,2.21949012757,8.35379299694
2015-12-01 16:15:21,50.373722666666666,-43.58551333333334,95.0,12.644,35.573,0.216000001878,0.000248429997555,0.190364381192,0.00362107029864,0.005066787294,0.026336356141,0.0849137939127,0.000469185538015,26.9148360777,2.21949012757,8.35379299694
2015-12-01 16:15:21,50.373722666666666,-43.58551333333334,95.8,12.647,35.574,0.240000002086,0.000242059997618,0.178055349515,0.00366905632186,0.00542510564141,0.0247921112161,0.0952586215889,0.000425947438602,26.9150420371,0.687910170166,7.6383155872
2015-12-01 16:15:21,50.373722666666666,-43.58551333333334,96.5,12.646,35.574,0.240000002086,0.000242059997618,0.178090981964,0.00386287486874,0.0053284483378,0.0240322275872,0.0952586215889,0.000425946544125,26.9152622122,0.687878486005,7.63830078595
2015-12-01 16:15:21,50.373722666666666,-43.58551333333334,97.3,12.647,35.574,0.240000002086,0.00026116999743,0.178090981964,0.00386287486874,0.0053284483378,0.0240322275872,0.0952586215889,0.00040432798542,26.9150891107,-0.0778941004468,7.28057020587
2015-12-01 16:15:21,50.373722666666666,-43.58551333333334,97.8,12.647,35.574,0.240000002086,0.00026116999743,0.197241443921,0.00353540774939,0.00478968395909,0.0215040342324,0.0952586215889,0.00040432798542,26.9151048029,-0.0778941004468,7.28057020587
2015-12-01 16:15:21,50.373722666666666,-43.58551333333334,98.8,12.647,35.573,0.240000002086,0.000254799997492,0.197241443921,0.00353540774939,0.00478968395909,0.0215040342324,0.0952586215889,0.000425949315256,26.9143607298,0.687976644994,7.63834664091
2015-12-01 16:15:21,50.373722666666666,-43.58551333333334,99.4,12.647,35.574,0.240000002086,0.000254799997492,0.169440215088,0.00348067369166,0.00472705688959,0.0208767603838,0.0952586215889,0.000425947438602,26.915155021,0.687910170166,7.6383155872
2015-12-01 16:15:21,50.373722666666666,-43.58551333333334,100.0,12.646,35.573,0.25200000219,0.000254799997492,0.169440215088,0.00348067369166,0.00472705688959,0.0208767603838,0.100431035427,0.000425948420792,26.914596591,0.687944961278,7.63833183987
2015-12-01 16:15:21,50.373722666666666,-43.58551333333334,100.4,12.646,35.573,0.25200000219,0.000254799997492,0.17465443018,0.00373260031353,0.00429295692841,0.0197725755001,0.100431035427,0.000425948420792,26.9146091454,0.687944961278,7.63833183987
2015-12-01 16:15:21,50.373722666666666,-43.58551333333334,101.1,12.651,35.574,0.25200000219,0.000254799997492,0.17465443018,0.00373260031353,0.00429295692841,0.0197725755001,0.100431035427,0.00038271210944,26.914415236,-0.843571659424,6.92288401787
2015-12-01 16:15:21,50.373722666666666,-43.58551333333334,101.4,12.651,35.574,0.25200000219,0.000254799997492,0.170022211762,0.00377533786546,0.00424319843483,0.0179085069876,0.100431035427,0.00038271210944,26.9144238519,-0.843571659424,6.92288401787
2015-12-01 16:15:21,50.373722666666666,-43.58551333333334,102.1,12.653,35.574,0.228000001982,0.000242059997618,0.170022211762,0.00377533786546,0.00424319843483,0.0179085069876,0.0900862077508,0.000447572257163,26.9140474646,1.45390449323,7.99614975152
2015-12-01 16:15:21,50.373722666666666,-43.58551333333334,102.6,12.653,35.574,0.228000001982,0.000242059997618,0.167270594838,0.00397927846412,0.00382768641665,0.0177535714229,0.0900862077508,0.000447572257163,26.9140618283,1.45390449323,7.99614975152
2015-12-01 16:15:21,50.373722666666666,-43.58551333333334,103.2,12.652,35.574,0.216000001878,0.000254799997492,0.167270594838,0.00397927846412,0.00382768641665,0.0177535714229,0.0849137939127,0.000425951909928,26.914277313,0.688068553459,7.63838957594
2015-12-01 16:15:21,50.373722666666666,-43.58551333333334,103.5,12.652,35.574,0.216000001878,0.000254799997492,0.1602826756,0.00301449697395,0.00400269904922,0.0156901847622,0.0849137939127,0.000425951909928,26.914285931,0.688068553459,7.63838957594
2015-12-01 16:15:21,50.373722666666666,-43.58551333333334,104.1,12.652,35.574,0.228000001982,0.000254799997492,0.1602826756,0.00301449697395,0.00400269904922,0.0156901847622,0.0900862077508,0.000469190816292,26.9143031674,2.21967709469,8.3538803386
2015-12-01 16:15:21,50.373722666666666,-43.58551333333334,104.4,12.652,35.574,0.228000001982,0.000254799997492,0.164012205301,0.00345836768868,0.00503304302824,0.0157394090822,0.0900862077508,0.000469190816292,26.9143117858,2.21967709469,8.3538803386
2015-12-01 16:15:21,50.373722666666666,-43.58551333333334,105.0,12.653,35.574,0.228000001982,0.000242059997618,0.164012205301,0.00345836768868,0.00503304302824,0.0157394090822,0.0900862077508,0.000469191710345,26.9141307803,2.21970876384,8.35389513285
2015-12-01 16:15:21,50.373722666666666,-43.58551333333334,105.5,12.653,35.574,0.228000001982,0.000242059997618,0.153334347972,0.00341544269135,0.0044839837888,0.0153999495638,0.0900862077508,0.000469191710345,26.9141451467,2.21970876384,8.35389513285
2015-12-01 16:15:21,50.373722666666666,-43.58551333333334,106.0,12.653,35.574,0.216000001878,0.000242059997618,0.153334347972,0.00341544269135,0.0044839837888,0.0153999495638,0.0849137939127,0.000404333350799,26.9141595135,-0.0777040479971,7.28065898885
2015-12-01 16:15:21,50.373722666666666,-43.58551333333334,106.5,12.654,35.573,0.240000002086,0.000248429997555,0.149204943006,0.00356802324954,0.00408134034654,0.0142489612283,0.0952586215889,0.000404336121348,26.9132001828,-0.0776059096232,7.28070483419
2015-12-01 16:15:21,50.373722666666666,-43.58551333333334,106.9,12.654,35.573,0.240000002086,0.000248429997555,0.149204943006,0.00356802324954,0.00408134034654,0.0142489612283,0.0952586215889,0.000404336121348,26.9132116778,-0.0776059096232,7.28070483419
2015-12-01 16:15:21,50.373722666666666,-43.58551333333334,107.5,12.654,35.573,0.25200000219,0.000248429997555,0.158873214269,0.0032234985985,0.00402357473906,0.0139442008207,0.100431035427,0.000447575027712,26.9132289209,1.4540026316,7.99619559685
2015-12-01 16:15:21,50.373722666666666,-43.58551333333334,108.0,12.654,35.573,0.25200000219,0.000248429997555,0.147577727818,0.00375659332514,0.00341703586048,0.0133809454866,0.100431035427,0.000447575027712,26.9132432907,1.4540026316,7.99619559685
2015-12-01 16:15:21,50.373722666666666,-43.58551333333334,108.4,12.654,35.573,0.228000001982,0.000242059997618,0.147577727818,0.00375659332514,0.00341703586048,0.0133809454866,0.0900862077508,0.000382716668166,26.9132547869,-0.843410180236,6.92295945285
2015-12-01 16:15:21,50.373722666666666,-43.58551333333334,108.9,12.654,35.574,0.228000001982,0.000242059997618,0.147577727818,0.00375659332514,0.00341703586048,0.0133809454866,0.0900862077508,0.0003827147916,26.9140446085,-0.843476651954,6.9229284006
2015-12-01 16:15:21,50.373722666666666,-43.58551333333334,109.7,12.654,35.574,0.228000001982,0.000242059997618,0.154419158097,0.00388855488898,0.0040418767137,0.0128644936043,0.0900862077508,0.000404334244782,26.914067603,-0.077672381341,7.28067378193
2015-12-01 16:15:21,50.373722666666666,-43.58551333333334,110.3,12.654,35.574,0.240000002086,0.000229319997743,0.137081991897,0.00348573471754,0.00390089431524,0.0136195354968,0.0952586215889,0.000404334244782,26.9140848496,-0.077672381341,7.28067378193
2015-12-01 16:15:21,50.373722666666666,-43.58551333333334,110.8,12.654,35.574,0.240000002086,0.000229319997743,0.143487914462,0.00441283968168,0.00366811607519,0.0131030836145,0.0952586215889,0.000404334244782,26.9140992224,-0.077672381341,7.28067378193
2015-12-01 16:15:21,50.373722666666666,-43.58551333333334,111.6,12.653,35.573,0.228000001982,0.000242059997618,0.143487914462,0.00441283968168,0.00366811607519,0.0131030836145,0.0900862077508,0.000404335227377,26.9135449999,-0.077637575835,7.28069004132
2015-12-01 16:15:21,50.373722666666666,-43.58551333333334,112.1,12.653,35.573,0.228000001982,0.000242059997618,0.145550637365,0.00385762639745,0.00373617654341,0.0130094767109,0.0900862077508,0.000404335227377,26.9135593722,-0.077637575835,7.28069004132
2015-12-01 16:15:21,50.373722666666666,-43.58551333333334,113.0,12.654,35.573,0.228000001982,0.000248429997555,0.152320802745,0.00344974520013,0.00458321480759,0.0113051854995,0.0900862077508,0.000469194480894,26.9133870146,2.21980690222,8.35394097818
2015-12-01 16:15:21,50.373722666666666,-43.58551333333334,113.7,12.655,35.573,0.264000002295,0.000248429997555,0.138962593392,0.00418153205415,0.00346936806924,0.0131299821501,0.105603449265,0.000425956468429,26.9132089029,0.688230024701,7.63846500722
2015-12-01 16:15:21,50.373722666666666,-43.58551333333334,114.4,12.654,35.573,0.228000001982,0.00023568999768,0.138962593392,0.00418153205415,0.00346936806924,0.0131299821501,0.0900862077508,0.00042595557453,26.9134272657,0.68819836099,7.63845021552
2015-12-01 16:15:21,50.373722666666666,-43.58551333333334,115.0,12.655,35.573,0.228000001982,0.00023568999768,0.151885295031,0.00432886414105,0.00301982581695,0.0118732825699,0.0900862077508,0.000425956468429,26.913246284,0.688230024701,7.63846500722
2015-12-01 16:15:21,50.373722666666666,-43.58551333333334,115.7,12.655,35.573,0.240000002086,0.000248429997555,0.151631908724,0.00435285715266,0.00347994889834,0.0107838918808,0.0952586215889,0.000447575921611,26.9132664137,1.45403429531,7.99621038855
2015-12-01 16:15:21,50.373722666666666,-43.58551333333334,116.5,12.654,35.573,0.228000001982,0.00023568999768,0.151631908724,0.00435285715266,0.00347994889834,0.0107838918808,0.0900862077508,0.000447575027712,26.9134876493,1.4540026316,7.99619559685
2015-12-01 16:15:21,50.373722666666666,-43.58551333333334,117.3,12.655,35.573,0.228000001982,0.00023568999768,0.145768391222,0.00438378564418,0.00388259234059,0.011804422319,0.0900862077508,0.000447575921611,26.9133124277,1.45403429531,7.99621038855
2015-12-01 16:15:21,50.373722666666666,-43.58551333333334,118.1,12.655,35.573,0.240000002086,0.000248429997555,0.154636911955,0.00412492354239,0.003234016114,0.0109684158346,0.0952586215889,0.000512434281157,26.9133354365,3.75144710715,9.06944653254
2015-12-01 16:15:21,50.373722666666666,-43.58551333333334,119.4,12.656,35.573,0.240000002086,0.000242059997618,0.140447278782,0.0038782453918,0.00282622524137,0.0105945261907,0.0952586215889,0.000361099002712,26.9131745974,-1.60915112593,6.56524365375
2015-12-01 16:15:21,50.373722666666666,-43.58551333333334,119.9,12.656,35.573,0.240000002086,0.000242059997618,0.140447278782,0.0038782453918,0.00282622524137,0.0105945261907,0.0952586215889,0.000361099002712,26.9131889811,-1.60915112593,6.56524365375
2015-12-01 16:15:21,50.373722666666666,-43.58551333333334,120.7,12.656,35.573,0.216000001878,0.000248429997555,0.15051146615,0.00386456187737,0.00444452015596,0.0107690976863,0.0849137939127,0.00055567408135,26.913211996,5.28308730959,9.78495208573
2015-12-01 16:15:21,50.373722666666666,-43.58551333333334,121.6,12.655,35.573,0.240000002086,0.000248429997555,0.15051146615,0.00386456187737,0.00444452015596,0.0107690976863,0.0952586215889,0.000512434281157,26.9134361143,3.75144710715,9.06944653254
2015-12-01 16:15:21,50.373722666666666,-43.58551333333334,122.5,12.645,35.571,0.240000002086,0.000248429997555,0.145910921019,0.00347373821174,0.00364724038535,0.0101396719548,0.0952586215889,0.000512429092416,26.9138927508,3.75126331155,9.06936067244
2015-12-01 16:15:21,50.373722666666666,-43.58551333333334,123.8,12.653,35.572,0.216000001878,0.000248429997555,0.150836117355,0.00333671562202,0.00452830888365,0.0108823405209,0.0849137939127,0.000447576010344,26.9131203574,1.45403743842,7.99621185685
2015-12-01 16:15:21,50.373722666666666,-43.58551333333334,124.7,12.652,35.571,0.240000002086,0.00023568999768,0.139398101106,0.00360063874969,0.00406017868835,0.0113592515559,0.0952586215889,0.000447576992956,26.9125689704,1.45407224449,7.9962281165
2015-12-01 16:15:21,50.373722666666666,-43.58551333333334,125.4,12.647,35.571,0.25200000219,0.000254799997492,0.139398101106,0.00360063874969,0.00406017868835,0.0113592515559,0.100431035427,0.000469191975001,26.9135798717,2.21971813848,8.35389951221
2015-12-01 16:15:21,50.373722666666666,-43.58551333333334,126.5,12.648,35.572,0.25200000219,0.000254799997492,0.150040325986,0.00366905632186,0.00403415556815,0.010301870124,0.100431035427,0.000469190992679,26.9141891713,2.21968334269,8.35388325736
2015-12-01 16:15:21,50.373722666666666,-43.58551333333334,127.3,12.646,35.571,0.216000001878,0.000248429997555,0.137877783266,0.00391592191784,0.00319226473433,0.0110004250919,0.0849137939127,0.00044757162738,26.913833479,1.45388218504,7.99613933025
2015-12-01 16:15:21,50.373722666666666,-43.58551333333334,127.7,12.646,35.571,0.216000001878,0.000248429997555,0.137877783266,0.00391592191784,0.00319226473433,0.0110004250919,0.0849137939127,0.00044757162738,26.9138452435,1.45388218504,7.99613933025
2015-12-01 16:15:21,50.373722666666666,-43.58551333333334,128.5,12.651,35.573,0.228000001982,0.000254799997492,0.144176808483,0.00353372074076,0.00252824621663,0.00977815563721,0.0900862077508,0.000425952892407,26.9144290339,0.688103354853,7.63840583341
2015-12-01 16:15:21,50.373722666666666,-43.58551333333334,129.3,12.657,35.573,0.228000001982,0.000242059997618,0.144176808483,0.00353372074076,0.00252824621663,0.00977815563721,0.0900862077508,0.000404338802835,26.9132634373,-0.0775109259904,7.28074920578
2015-12-01 16:15:21,50.373722666666666,-43.58551333333334,130.4,12.656,35.573,0.228000001982,0.000242059997618,0.149497920923,0.00343774869433,0.00422489646019,0.0111749965875,0.0900862077508,0.000404337909076,26.9134940396,-0.077542584701,7.28073441642
2015-12-01 16:15:21,50.373722666666666,-43.58551333333334,131.4,12.646,35.571,0.25200000219,0.000248429997555,0.151053871212,0.00365199879017,0.00350854573372,0.010191317143,0.100431035427,0.000534049440108,26.9139540797,4.51709926749,9.42712085557
2015-12-01 16:15:21,50.373722666666666,-43.58551333333334,132.4,12.643,35.571,0.25200000219,0.000242059997618,0.158402074105,0.00378058633675,0.00396352138474,0.0100584383775,0.100431035427,0.000447568943638,26.9145777575,1.45378712155,7.99609492135
2015-12-01 16:15:21,50.373722666666666,-43.58551333333334,133.4,12.65,35.571,0.228000001982,0.000248429997555,0.158402074105,0.00378058633675,0.00396352138474,0.0100584383775,0.0900862077508,0.000447575204713,26.9132204524,1.45400890135,7.99619852576
2015-12-01 16:15:21,50.373722666666666,-43.58551333333334,134.2,12.652,35.572,0.228000001982,0.000248429997555,0.150764852456,0.00340175917692,0.00463812073154,0.0110986047466,0.0900862077508,0.000447575116316,26.9136231811,1.45400577015,7.99619706302
2015-12-01 16:15:21,50.373722666666666,-43.58551333333334,134.9,12.652,35.572,0.216000001878,0.000248429997555,0.13005844021,0.00364337630162,0.00400813244795,0.0095836792253,0.0849137939127,0.00049081402268,26.9136437901,2.98561431138,8.71168782568
2015-12-01 16:15:21,50.373722666666666,-43.58551333333334,135.5,12.653,35.572,0.216000001878,0.000248429997555,0.13005844021,0.00364337630162,0.00400813244795,0.0095836792253,0.0849137939127,0.000490814916708,26.9134632989,2.98564597965,8.71170261951
2015-12-01 16:15:21,50.373722666666666,-43.58551333333334,136.6,12.652,35.571,0.240000002086,0.00026116999743,0.147613360267,0.0033710181308,0.00519776080008,0.0106337980525,0.0952586215889,0.000447576992956,26.9129183735,1.45407224449,7.9962281165
2015-12-01 16:15:21,50.373722666666666,-43.58551333333334,137.6,12.65,35.572,0.25200000219,0.00026116999743,0.145697126323,0.00349267019746,0.00384856210648,0.0092886022905,0.100431035427,0.000425953874866,26.9141195637,0.688138155502,7.63842209053
2015-12-01 16:15:21,50.373722666666666,-43.58551333333334,138.3,12.643,35.57,0.240000002086,0.000248429997555,0.145697126323,0.00349267019746,0.00384856210648,0.0092886022905,0.0952586215889,0.000425951367234,26.9139758345,0.688049330147,7.63838059577
2015-12-01 16:15:21,50.373722666666666,-43.58551333333334,138.8,12.643,35.57,0.240000002086,0.000248429997555,0.154165771791,0.00380101788569,0.00442364446613,0.00991587613914,0.0952586215889,0.000425951367234,26.9139905462,0.688049330147,7.63838059577
2015-12-01 16:15:21,50.373722666666666,-43.58551333333334,139.3,12.645,35.57,0.240000002086,0.000248429997555,0.154165771791,0.00380101788569,0.00442364446613,0.00991587613914,0.0952586215889,0.00042595315644,26.913609137,0.688112707418,7.63841020246
2015-12-01 16:15:21,50.373722666666666,-43.58551333333334,140.0,12.646,35.57,0.228000001982,0.000248429997555,0.144826110894,0.00423120508599,0.00318168390524,0.011605373156,0.0900862077508,0.000469192957301,26.9134316654,2.21975293353,8.35391576671
2015-12-01 16:15:21,50.373722666666666,-43.58551333333334,141.0,12.648,35.571,0.240000002086,0.000242059997618,0.151232033459,0.00333315415936,0.00383026013184,0.0099944198629,0.0952586215889,0.00046919286937,26.9138404116,2.21974981881,8.35391431167
2015-12-01 16:15:21,50.373722666666666,-43.58551333333334,141.5,12.648,35.571,0.240000002086,0.000242059997618,0.151232033459,0.00333315415936,0.00383026013184,0.0099944198629,0.0952586215889,0.00046919286937,26.9138551329,2.21974981881,8.35391431167
2015-12-01 16:15:21,50.373722666666666,-43.58551333333334,142.6,12.647,35.571,0.228000001982,0.00026116999743,0.148266621839,0.00380964037424,0.00374904511933,0.0104075813687,0.0900862077508,0.000469191975001,26.9140856089,2.21971813848,8.35389951221
2015-12-01 16:15:21,50.373722666666666,-43.58551333333334,143.4,12.638,35.568,0.240000002086,0.00026116999743,0.148266621839,0.00380964037424,0.00374904511933,0.0104075813687,0.0952586215889,0.000425950646736,26.9135649919,0.688023808668,7.63836867342
2015-12-01 16:15:21,50.373722666666666,-43.58551333333334,143.8,12.638,35.568,0.240000002086,0.00026116999743,0.159269130373,0.00384900390891,0.0032706200633,0.00945349031332,0.0952586215889,0.000425950646736,26.9135767592,0.688023808668,7.63836867342
2015-12-01 16:15:21,50.373722666666666,-43.58551333333334,144.6,12.651,35.571,0.240000002086,0.00026116999743,0.159269130373,0.00384900390891,0.0032706200633,0.00945349031332,0.0952586215889,0.00044757609887,26.9133521113,1.45404057417,7.99621332171
2015-12-01 16:15:21,50.373722666666666,-43.58551333333334,145.2,12.644,35.57,0.240000002086,0.00026116999743,0.154601279505,0.00360063874969,0.00368127061946,0.0103435628541,0.0952586215889,0.000447571715054,26.9139808579,1.45388529065,7.99614078103
2015-12-01 16:15:21,50.373722666666666,-43.58551333333334,145.7,12.644,35.57,0.240000002086,0.00026116999743,0.154601279505,0.00360063874969,0.00368127061946,0.0103435628541,0.0952586215889,0.000447571715054,26.9139955774,1.45388529065,7.99614078103
2015-12-01 16:15:21,50.373722666666666,-43.58551333333334,146.5,12.636,35.568,0.228000001982,0.000242059997618,0.164990118078,0.00379933087707,0.00357660620195,0.0103879454378,0.0900862077508,0.000404329403409,26.9140521363,-0.0778438724542,7.28059366988
2015-12-01 16:15:21,50.373722666666666,-43.58551333333334,146.8,12.636,35.568,0.228000001982,0.000242059997618,0.164990118078,0.00379933087707,0.00357660620195,0.0103879454378,0.0900862077508,0.000404329403409,26.9140609619,-0.0778438724542,7.28059366988
2015-12-01 16:15:21,50.373722666666666,-43.58551333333334,147.8,12.635,35.568,0.228000001982,0.000267539997367,0.149387064414,0.00403588697588,0.00354000225265,0.00967728612896,0.0900862077508,0.000447567414594,26.9142883337,1.45373295977,7.99606961968
2015-12-01 16:15:21,50.373722666666666,-43.58551333333334,148.3,12.638,35.569,0.228000001982,0.000267539997367,0.149387064414,0.00403588697588,0.00354000225265,0.00967728612896,0.0900862077508,0.000447568223028,26.914484667,1.45376159611,7.99608299714
2015-12-01 16:15:21,50.373722666666666,-43.58551333333334,149.0,12.636,35.567,0.264000002295,0.000242059997618,0.14058980858,0.00384562989165,0.0044473798395,0.0108207428745,0.105603449265,0.000512428546258,26.9133501792,3.75124396554,9.06935163495
2015-12-01 16:15:21,50.373722666666666,-43.58551333333334,150.1,12.645,35.569,0.25200000219,0.000242059997618,0.150182855783,0.00413354603094,0.00294919163354,0.0101173461703,0.100431035427,0.000382716126853,26.9131516012,-0.84342935462,6.92295049554
2015-12-01 16:15:21,50.373722666666666,-43.58551333333334,150.6,12.645,35.569,0.25200000219,0.000242059997618,0.150182855783,0.00413354603094,0.00294919163354,0.0101173461703,0.100431035427,0.000382716126853,26.9131663264,-0.84342935462,6.92295049554
2015-12-01 16:15:21,50.373722666666666,-43.58551333333334,151.6,12.639,35.568,0.276000002399,0.000254799997492,0.143198895706,0.00349941823198,0.00450485947863,0.00912640412123,0.110775863103,0.00040433208852,26.9136081902,-0.0777487604427,7.28063810144
2015-12-01 16:15:21,50.373722666666666,-43.58551333333334,152.6,12.635,35.567,0.25200000219,0.000248429997555,0.142363512726,0.00304879948273,0.00373875025859,0.00871324261543,0.100431035427,0.000425949838364,26.9136537259,0.687995174522,7.63835529698
2015-12-01 16:15:21,50.373722666666666,-43.58551333333334,153.0,12.635,35.567,0.25200000219,0.000248429997555,0.142363512726,0.00304879948273,0.00373875025859,0.00871324261543,0.100431035427,0.000425949838364,26.9136654158,0.687995174522,7.63835529698
2015-12-01 16:15:21,50.373722666666666,-43.58551333333334,153.8,12.635,35.568,0.216000001878,0.000242059997618,0.153948017933,0.00350635371189,0.00459894306706,0.00960600500979,0.0849137939127,0.000425947961412,26.9144643103,0.687928689152,7.63832423835
2015-12-01 16:15:21,50.373722666666666,-43.58551333333334,154.2,12.635,35.567,0.216000001878,0.000242059997618,0.153948017933,0.00350635371189,0.00459894306706,0.00960600500979,0.0849137939127,0.000425949838364,26.9137004874,0.687995174522,7.63835529698
2015-12-01 16:15:21,50.373722666666666,-43.58551333333334,154.9,12.635,35.567,0.264000002295,0.000254799997492,0.145550637365,0.00355940076099,0.00429810435878,0.00932303241598,0.105603449265,0.000425949838364,26.9137209471,0.687995174522,7.63835529698
2015-12-01 16:15:21,50.373722666666666,-43.58551333333334,155.4,12.621,35.567,0.264000002295,0.000254799997492,0.145550637365,0.00355940076099,0.00429810435878,0.00932303241598,0.105603449265,0.000425937298627,26.9165055628,0.687550991977,7.63814779715
2015-12-01 16:15:21,50.373722666666666,-43.58551333333334,156.1,12.621,35.567,0.240000002086,0.000267539997367,0.15724203992,0.00397590444686,0.00413881998567,0.00951481897433,0.0952586215889,0.000469176204991,26.9165259977,2.2191595332,8.35363855981
2015-12-01 16:15:21,50.373722666666666,-43.58551333333334,156.6,12.622,35.565,0.240000002086,0.000267539997367,0.15724203992,0.00397590444686,0.00413881998567,0.00951481897433,0.0952586215889,0.000469180855449,26.9147917216,2.2193242617,8.35371551271
2015-12-01 16:15:21,50.373722666666666,-43.58551333333334,157.5,12.621,35.564,0.25200000219,0.000254799997492,0.142763387992,0.0042141475543,0.00410736346674,0.00904032880752,0.100431035427,0.000425942930156,26.9142402405,0.687750471983,7.63824098422
2015-12-01 16:15:21,50.373722666666666,-43.58551333333334,158.6,12.622,35.563,0.240000002086,0.00026116999743,0.146924466246,0.00377027683957,0.00455976540258,0.00962564094073,0.0952586215889,0.000447565156667,26.9132990339,1.45365297947,7.99603225689
2015-12-01 16:15:21,50.373722666666666,-43.58551333333334,159.0,12.622,35.563,0.240000002086,0.00026116999743,0.146924466246,0.00377027683957,0.00455976540258,0.00962564094073,0.0952586215889,0.000447565156667,26.9133107134,1.45365297947,7.99603225689
2015-12-01 16:15:21,50.373722666666666,-43.58551333333334,160.0,12.621,35.567,0.240000002086,0.000254799997492,0.146203898937,0.00418153205415,0.0035583042273,0.00939189266694,0.0952586215889,0.000534034564537,26.916639866,4.51657234504,9.42687470381
2015-12-01 16:15:21,50.373722666666666,-43.58551333333334,160.6,12.629,35.565,0.240000002086,0.00026116999743,0.146203898937,0.00418153205415,0.0035583042273,0.00939189266694,0.0952586215889,0.000534045485923,26.9135238136,4.51695920237,9.42705542416
2015-12-01 16:15:21,50.373722666666666,-43.58551333333334,161.1,12.629,35.565,0.240000002086,0.00026116999743,0.146599815041,0.00402389047008,0.00313735881039,0.00906238560666,0.0952586215889,0.000534045485923,26.9135384249,4.51695920237,9.42705542416
2015-12-01 16:15:21,50.373722666666666,-43.58551333333334,161.7,12.63,35.566,0.240000002086,0.00026116999743,0.146599815041,0.00402389047008,0.00313735881039,0.00906238560666,0.0952586215889,0.000534044504424,26.9141336361,4.51692443572,9.42703918293
2015-12-01 16:15:21,50.373722666666666,-43.58551333333334,162.3,12.623,35.565,0.240000002086,0.000267539997367,0.147831114125,0.00339838515966,0.00379365618254,0.00982711097188,0.0952586215889,0.000490801204689,26.9147603864,2.98516027251,8.71147572147
2015-12-01 16:15:21,50.373722666666666,-43.58551333333334,162.7,12.623,35.565,0.240000002086,0.000267539997367,0.147831114125,0.00339838515966,0.00379365618254,0.00982711097188,0.0952586215889,0.000490801204689,26.9147720702,2.98516027251,8.71147572147
2015-12-01 16:15:21,50.373722666666666,-43.58551333333334,163.3,12.624,35.566,0.25200000219,0.000242059997618,0.151232033459,0.0035833937726,0.00471132863013,0.0105108717451,0.100431035427,0.000447561317175,26.9153673485,1.45351697698,7.99596872334
2015-12-01 16:15:21,50.373722666666666,-43.58551333333334,164.2,12.626,35.567,0.240000002086,0.00023568999768,0.138780471984,0.00341375568272,0.00391662257471,0.0093795193406,0.0952586215889,0.000469180685058,26.9157735744,2.21931822612,8.35371269319
2015-12-01 16:15:21,50.373722666666666,-43.58551333333334,164.7,12.626,35.567,0.240000002086,0.00023568999768,0.138780471984,0.00341375568272,0.00391662257471,0.0093795193406,0.0952586215889,0.000469180685058,26.9157881857,2.21931822612,8.35371269319
2015-12-01 16:15:21,50.373722666666666,-43.58551333333334,165.6,12.627,35.566,0.228000001982,0.000242059997618,0.156157229795,0.0040015844671,0.00452316145328,0.0105945261907,0.0900862077508,0.000425944551572,26.9148411354,0.687807905767,7.6382678144
2015-12-01 16:15:21,50.373722666666666,-43.58551333333334,166.4,12.627,35.567,0.25200000219,0.000248429997555,0.14439060318,0.00317382556665,0.00415712196032,0.00918047017765,0.100431035427,0.000382703768131,26.9156400542,-0.843867125256,6.92274599104
2015-12-01 16:15:21,50.373722666666666,-43.58551333333334,166.8,12.627,35.567,0.25200000219,0.000248429997555,0.14439060318,0.00317382556665,0.00415712196032,0.00918047017765,0.100431035427,0.000382703768131,26.9156517459,-0.843867125256,6.92274599104
2015-12-01 16:15:21,50.373722666666666,-43.58551333333334,167.9,12.625,35.565,0.240000002086,0.000242059997618,0.142256615378,0.00351666320907,0.00394779312528,0.00961568848259,0.0952586215889,0.000512422449777,26.9145284251,3.75102801601,9.06925075416
2015-12-01 16:15:21,50.373722666666666,-43.58551333333334,168.5,12.628,35.565,0.264000002295,0.000248429997555,0.155072419669,0.00354065622068,0.00446825552934,0.0101493554276,0.105603449265,0.000425947324378,26.9139525498,0.687906124117,7.63831369709
2015-12-01 16:15:21,50.373722666666666,-43.58551333333334,169.4,12.632,35.568,0.25200000219,0.000267539997367,0.146203898937,0.00371198131918,0.00513227404704,0.0091680968513,0.100431035427,0.000404325822272,26.9155141081,-0.0779707234897,7.28053441143
2015-12-01 16:15:21,50.373722666666666,-43.58551333333334,170.4,12.634,35.567,0.25200000219,0.000267539997367,0.146203898937,0.00371198131918,0.00513227404704,0.0091680968513,0.100431035427,0.000404329489945,26.9143720979,-0.077840807154,7.28059510183
2015-12-01 16:15:21,50.373722666666666,-43.58551333333334,171.0,12.622,35.565,0.240000002086,0.000248429997555,0.143959054626,0.00378227334538,0.00395036684046,0.00936230427786,0.0952586215889,0.000447561402267,26.9152123356,1.45351999109,7.99597013138
2015-12-01 16:15:21,50.373722666666666,-43.58551333333334,171.6,12.622,35.565,0.228000001982,0.000248429997555,0.139322877047,0.00366230828734,0.00417542393497,0.00950755636974,0.0900862077508,0.000425941949085,26.9152298696,0.687715720477,7.63822475005
2015-12-01 16:15:21,50.373722666666666,-43.58551333333334,172.4,12.622,35.565,0.228000001982,0.000248429997555,0.139322877047,0.00366230828734,0.00417542393497,0.00950755636974,0.0900862077508,0.000425941949085,26.9152532493,0.687715720477,7.63822475005
2015-12-01 16:15:21,50.373722666666666,-43.58551333333334,173.2,12.632,35.567,0.264000002295,0.000267539997367,0.151885295031,0.0035303467235,0.00343019040476,0.00917804930945,0.105603449265,0.000447566605625,26.9148497347,1.45370430444,7.99605623335
2015-12-01 16:15:21,50.373722666666666,-43.58551333333334,173.9,12.632,35.567,0.240000002086,0.00023568999768,0.153298715523,0.00432042909791,0.00470074780104,0.0098787561601,0.0952586215889,0.000469186058807,26.9148702137,2.21950857505,8.35380161468
2015-12-01 16:15:21,50.373722666666666,-43.58551333333334,174.7,12.633,35.566,0.240000002086,0.00023568999768,0.153298715523,0.00432042909791,0.00470074780104,0.0098787561601,0.0952586215889,0.000469188831185,26.9139202409,2.21960677825,8.35384749029
2015-12-01 16:15:21,50.373722666666666,-43.58551333333334,175.4,12.632,35.567,0.25200000219,0.000267539997367,0.145368515957,0.00439240813273,0.004222322745,0.00901316128663,0.100431035427,0.000447566605625,26.9149141004,1.45370430444,7.99605623335
2015-12-01 16:15:21,50.373722666666666,-43.58551333333334,176.1,12.632,35.567,0.228000001982,0.000254799997492,0.15800219884,0.00371198131918,0.00380395104328,0.0106265354479,0.0900862077508,0.000404327699261,26.9149348951,-0.0779042367852,7.28056547068
2015-12-01 16:15:21,50.373722666666666,-43.58551333333334,177.3,12.638,35.567,0.25200000219,0.000254799997492,0.149929469476,0.00341038166547,0.00466157013656,0.00918773278224,0.100431035427,0.000447571976831,26.9137865688,1.45389456332,7.99614511276
2015-12-01 16:15:21,50.373722666666666,-43.58551333333334,177.8,12.638,35.567,0.25200000219,0.000254799997492,0.149929469476,0.00341038166547,0.00466157013656,0.00918773278224,0.100431035427,0.000447571976831,26.9138027728,1.45389456332,7.99614511276
2015-12-01 16:15:21,50.373722666666666,-43.58551333333334,178.7,12.642,35.568,0.240000002086,0.000248429997555,0.140411646333,0.00372735184224,0.00505649243326,0.00921974203953,0.0952586215889,0.000425954226178,26.9138158152,0.688150599671,7.63842790382
2015-12-01 16:15:21,50.373722666666666,-43.58551333333334,179.6,12.639,35.568,0.240000002086,0.000254799997492,0.147253076612,0.00404788348168,0.00435586996626,0.0097854182418,0.0952586215889,0.000490809901248,26.9144387389,2.98546832201,8.71161962676
2015-12-01 16:15:21,50.373722666666666,-43.58551333333334,180.1,12.639,35.568,0.240000002086,0.000254799997492,0.147253076612,0.00404788348168,0.00435586996626,0.0097854182418,0.0952586215889,0.000490809901248,26.9144549467,2.98546832201,8.71161962676
2015-12-01 16:15:21,50.373722666666666,-43.58551333333334,180.8,12.642,35.569,0.25200000219,0.000248429997555,0.147613360267,0.00396559494969,0.0037281694295,0.0097829973736,0.100431035427,0.000469191255703,26.914659421,2.21969265951,8.35388760971
2015-12-01 16:15:21,50.373722666666666,-43.58551333333334,181.7,12.647,35.569,0.25200000219,0.000248429997555,0.147613360267,0.00396559494969,0.0037281694295,0.0097829973736,0.100431035427,0.00046919572848,26.9136988581,2.21985109421,8.35396162246
2015-12-01 16:15:21,50.373722666666666,-43.58551333333334,182.4,12.648,35.569,0.240000002086,0.000254799997492,0.145804023671,0.00336239564225,0.00468244582639,0.0103559361805,0.0952586215889,0.000447577169641,26.913523591,1.45407850304,7.99623104018
2015-12-01 16:15:21,50.373722666666666,-43.58551333333334,183.0,12.648,35.569,0.240000002086,0.000254799997492,0.145804023671,0.00336239564225,0.00468244582639,0.0103559361805,0.0952586215889,0.000447577169641,26.9135430584,1.45407850304,7.99623104018
2015-12-01 16:15:21,50.373722666666666,-43.58551333333334,184.3,12.639,35.567,0.25200000219,0.000248429997555,0.150836117355,0.00374965784522,0.00377020677752,0.00894430103566,0.100431035427,0.000447572871785,26.913815586,1.45392626437,7.9961599219
2015-12-01 16:15:21,50.373722666666666,-43.58551333333334,184.6,12.639,35.567,0.25200000219,0.000248429997555,0.150836117355,0.00374965784522,0.00377020677752,0.00894430103566,0.100431035427,0.000447572871785,26.913825313,1.45392626437,7.9961599219
2015-12-01 16:15:21,50.373722666666666,-43.58551333333334,185.4,12.638,35.567,0.240000002086,0.000267539997367,0.150978647152,0.00374628382797,0.00485002328176,0.00977546578366,0.0952586215889,0.000447571976831,26.9140491304,1.45389456332,7.99614511276
2015-12-01 16:15:21,50.373722666666666,-43.58551333333334,186.4,12.626,35.564,0.240000002086,0.000254799997492,0.162745273767,0.00391592191784,0.00506964697754,0.0096920803235,0.0952586215889,0.00049080576958,26.9141286491,2.98532197006,8.71155125847
2015-12-01 16:15:21,50.373722666666666,-43.58551333333334,186.9,12.626,35.564,0.240000002086,0.000254799997492,0.162745273767,0.00391592191784,0.00506964697754,0.0096920803235,0.0952586215889,0.00049080576958,26.9141448444,2.98532197006,8.71155125847
2015-12-01 16:15:21,50.373722666666666,-43.58551333333334,188.0,12.615,35.563,0.240000002086,0.00026116999743,0.148555640595,0.00355602674374,0.00462239247208,0.00930823822144,0.0952586215889,0.000469178335636,26.9155795074,2.21923500489,8.3536738164
2015-12-01 16:15:21,50.373722666666666,-43.58551333333334,188.7,12.604,35.56,0.25200000219,0.000248429997555,0.149497920923,0.00301787099121,0.00397410221384,0.00933298487413,0.100431035427,0.000469174101627,26.9154487719,2.21908502781,8.35360375463
2015-12-01 16:15:21,50.373722666666666,-43.58551333333334,189.6,12.61,35.562,0.25200000219,0.000248429997555,0.149497920923,0.00301787099121,0.00397410221384,0.00933298487413,0.100431035427,0.000469175729323,26.9158437462,2.21914268408,8.35363068875
2015-12-01 16:15:21,50.373722666666666,-43.58551333333334,190.3,12.605,35.561,0.25200000219,0.000254799997492,0.145586269814,0.00392623141502,0.004222322745,0.0097854182418,0.100431035427,0.000447553668212,26.9160785782,1.45324603542,7.99584215302
2015-12-01 16:15:21,50.373722666666666,-43.58551333333334,190.9,12.605,35.561,0.25200000219,0.000254799997492,0.150258079843,0.00430149711219,0.00378307535345,0.00995998973742,0.100431035427,0.00053403148094,26.9160979821,4.51646311787,9.42682367834
2015-12-01 16:15:21,50.373722666666666,-43.58551333333334,191.7,12.608,35.562,0.25200000219,0.000254799997492,0.150258079843,0.00430149711219,0.00378307535345,0.00995998973742,0.100431035427,0.000534032294919,26.9163068229,4.51649195064,9.42683714757
2015-12-01 16:15:21,50.373722666666666,-43.58551333333334,192.5,12.598,35.559,0.240000002086,0.000248429997555,0.140918418946,0.00380457934835,0.00408906149209,0.0102946075195,0.0952586215889,0.000447551140967,26.9159809414,1.45315651533,7.99580033372
2015-12-01 16:15:21,50.373722666666666,-43.58551333333334,193.3,12.597,35.559,0.228000001982,0.00026116999743,0.138602309737,0.00377027683957,0.00396609509993,0.00909197399574,0.0900862077508,0.000512408602763,26.9162042462,3.75053752707,9.0690216223
2015-12-01 16:15:21,50.373722666666666,-43.58551333333334,193.8,12.597,35.559,0.228000001982,0.00026116999743,0.138602309737,0.00377027683957,0.00396609509993,0.00909197399574,0.0900862077508,0.000512408602763,26.9162204074,3.75053752707,9.0690216223
2015-12-01 16:15:21,50.373722666666666,-43.58551333333334,194.4,12.598,35.56,0.25200000219,0.000280279997241,0.154672544404,0.00356108776962,0.00421460159945,0.00911645166308,0.100431035427,0.000469168716536,26.9168179699,2.21889427715,8.35351464548
2015-12-01 16:15:21,50.373722666666666,-43.58551333333334,194.7,12.598,35.56,0.25200000219,0.000280279997241,0.154672544404,0.00356108776962,0.00421460159945,0.00911645166308,0.100431035427,0.000469168716536,26.9168276682,2.21889427715,8.35351464548
2015-12-01 16:15:21,50.373722666666666,-43.58551333333334,195.6,12.599,35.559,0.25200000219,0.000254799997492,0.140011771068,0.00309153703466,0.00459093595315,0.00970929538624,0.100431035427,0.00049079094501,26.9158837034,2.98479685414,8.71130595062
2015-12-01 16:15:21,50.373722666666666,-43.58551333333334,195.8,12.599,35.559,0.25200000219,0.000254799997492,0.140011771068,0.00309153703466,0.00459093595315,0.00970929538624,0.100431035427,0.00049079094501,26.9158901698,2.98479685414,8.71130595062
2015-12-01 16:15:21,50.373722666666666,-43.58551333333334,196.6,12.598,35.559,0.25200000219,0.000248429997555,0.14359481181,0.00330747413912,0.00453345631402,0.00970176379629,0.100431035427,0.000469170594149,26.9161134825,2.21896078594,8.35354571505
2015-12-01 16:15:21,50.373722666666666,-43.58551333333334,197.3,12.597,35.559,0.25200000219,0.000248429997555,0.154854665812,0.00328516813614,0.00465899642137,0.0107838918808,0.100431035427,0.000469169696399,26.9163335495,2.21892898585,8.35353085964
2015-12-01 16:15:21,50.373722666666666,-43.58551333333334,197.8,12.597,35.559,0.25200000219,0.00026116999743,0.154854665812,0.00328516813614,0.00465899642137,0.0107838918808,0.100431035427,0.000447550243217,26.9163497145,1.45312471524,7.99578547831
2015-12-01 16:15:21,50.373722666666666,-43.58551333333334,198.4,12.6,35.56,0.25200000219,0.00026116999743,0.143341425504,0.00401020695564,0.00464069444672,0.00974856724812,0.100431035427,0.000447551058667,26.9165523981,1.45315360011,7.99579897188
2015-12-01 16:15:21,50.373722666666666,-43.58551333333334,198.8,12.6,35.56,0.25200000219,0.000254799997492,0.143341425504,0.00401020695564,0.00464069444672,0.00974856724812,0.100431035427,0.000447551058667,26.9165653344,1.45315360011,7.99579897188
2015-12-01 16:15:21,50.373722666666666,-43.58551333333334,199.3,12.6,35.56,0.25200000219,0.000254799997492,0.143341425504,0.00401020695564,0.00464069444672,0.00974856724812,0.100431035427,0.000447551058667,26.9165815052,1.45315360011,7.99579897188
2015-12-01 16:15:21,50.373722666666666,-43.58551333333334,199.9,12.6,35.56,0.228000001982,0.000248429997555,0.15496156316,0.00392285739776,0.00408648777691,0.00939431353514,0.0900862077508,0.000404312152303,26.9166009108,-0.0784549411193,7.28030820921
2015-12-01 16:15:21,50.373722666666666,-43.58551333333334,200.5,12.614,35.563,0.228000001982,0.000248429997555,0.153658999177,0.0038250108973,0.00549573982482,0.00941906018783,0.0900862077508,0.000404319079491,26.9161817907,-0.0782095662723,7.28042283605
2015-12-01 16:15:21,50.373722666666666,-43.58551333333334,201.2,12.622,35.564,0.240000002086,0.00026116999743,0.153658999177,0.0038250108973,0.00549573982482,0.00941906018783,0.0952586215889,0.000490802185819,26.9153989894,2.98519502607,8.7114919566
2015-12-01 16:15:21,50.373722666666666,-43.58551333333334,201.7,12.622,35.564,0.240000002086,0.00026116999743,0.1413499675,0.00348742172617,0.00441592332058,0.0101837855531,0.0952586215889,0.000490802185819,26.9154151933,2.98519502607,8.7114919566
2015-12-01 16:15:21,50.373722666666666,-43.58551333333334,202.3,12.623,35.564,0.25200000219,0.00026116999743,0.1413499675,0.00348742172617,0.00441592332058,0.0101837855531,0.100431035427,0.000469183628683,26.9152348549,2.21942249521,8.35376140249
2015-12-01 16:15:21,50.373722666666666,-43.58551333333334,202.7,12.623,35.564,0.25200000219,0.00026116999743,0.143959054626,0.00331103560178,0.0043035377575,0.00998204653655,0.100431035427,0.000469183628683,26.9152450046,2.21942249521,8.35376140249
2015-12-01 16:15:21,50.373722666666666,-43.58551333333334,203.4,12.621,35.564,0.264000002295,0.00026116999743,0.143959054626,0.00331103560178,0.0043035377575,0.00998204653655,0.105603449265,0.000447562383338,26.9156580965,1.4535547426,7.99598636555
2015-12-01 16:15:21,50.373722666666666,-43.58551333333334,204.3,12.617,35.562,0.264000002295,0.000267539997367,0.146203898937,0.00286529043302,0.00429295692841,0.00961084674619,0.105603449265,0.000447562552739,26.914920303,1.45356074314,7.9959891687
2015-12-01 16:15:21,50.373722666666666,-43.58551333333334,205.0,12.611,35.561,0.264000002295,0.000267539997367,0.155072419669,0.00370860730193,0.00474793257943,0.00967728612896,0.105603449265,0.00044755905041,26.9153479385,1.45343668362,7.99593121431
2015-12-01 16:15:21,50.373722666666666,-43.58551333333334,205.4,12.611,35.561,0.240000002086,0.000254799997492,0.155072419669,0.00370860730193,0.00474793257943,0.00967728612896,0.0952586215889,0.000425939597228,26.9153580768,0.687632413006,7.63818583298
2015-12-01 16:15:21,50.373722666666666,-43.58551333333334,206.1,12.622,35.564,0.240000002086,0.000254799997492,0.149965101926,0.00375490631651,0.00443937272559,0.00997962566836,0.0952586215889,0.000425943826273,26.9155289518,0.687782214235,7.63825581261
2015-12-01 16:15:21,50.373722666666666,-43.58551333333334,206.7,12.622,35.564,0.25200000219,0.00026116999743,0.149965101926,0.00375490631651,0.00443937272559,0.00997962566836,0.100431035427,0.000469182732637,26.9155441792,2.21939075546,8.35374657527
2015-12-01 16:15:21,50.373722666666666,-43.58551333333334,207.2,12.622,35.564,0.25200000219,0.00026116999743,0.147506462919,0.0039605339238,0.00443165158004,0.00987149355551,0.100431035427,0.000469182732637,26.9155568693,2.21939075546,8.35374657527
2015-12-01 16:15:21,50.373722666666666,-43.58551333333334,207.9,12.622,35.563,0.25200000219,0.000267539997367,0.147506462919,0.0039605339238,0.00443165158004,0.00987149355551,0.100431035427,0.000425945703485,26.9147990638,0.687848708861,7.63828687556
2015-12-01 16:15:21,50.373722666666666,-43.58551333333334,208.9,12.616,35.561,0.276000002399,0.000242059997618,0.144826110894,0.00371366832781,0.00283137267174,0.0105600960652,0.110775863103,0.000512421893178,26.9144589902,3.75100830014,9.06924154389
2015-12-01 16:15:21,50.373722666666666,-43.58551333333334,209.4,12.612,35.562,0.276000002399,0.000242059997618,0.144826110894,0.00371366832781,0.00283137267174,0.0105600960652,0.110775863103,0.000512416429354,26.9160375269,3.75081476058,9.06915113191
2015-12-01 16:15:21,50.373722666666666,-43.58551333333334,210.0,12.615,35.563,0.240000002086,0.000254799997492,0.144212440933,0.00417647102826,0.00401842730869,0.0106510131153,0.0952586215889,0.000447558882454,26.9162356457,1.45343073428,7.99592843507
2015-12-01 16:15:21,50.373722666666666,-43.58551333333334,210.3,12.615,35.563,0.240000002086,0.000254799997492,0.144212440933,0.00417647102826,0.00401842730869,0.0106510131153,0.0952586215889,0.000447558882454,26.9162432557,1.45343073428,7.99592843507
2015-12-01 16:15:21,50.373722666666666,-43.58551333333334,211.0,12.61,35.561,0.240000002086,0.00026116999743,0.158073463739,0.00358170676397,0.00345621352496,0.0100708117038,0.0952586215889,0.000469177606736,26.915697571,2.21920918579,8.35366175501
2015-12-01 16:15:21,50.373722666666666,-43.58551333333334,211.7,12.61,35.561,0.240000002086,0.00026116999743,0.169044298984,0.00321150209269,0.00434271542198,0.0099895781265,0.0952586215889,0.000469177606736,26.9157153191,2.21920918579,8.35366175501
2015-12-01 16:15:21,50.373722666666666,-43.58551333333334,212.4,12.611,35.561,0.240000002086,0.000254799997492,0.169044298984,0.00321150209269,0.00434271542198,0.0099895781265,0.0952586215889,0.000425939597228,26.9155355446,0.687632413006,7.63818583298
2015-12-01 16:15:21,50.373722666666666,-43.58551333333334,213.2,12.61,35.561,0.25200000219,0.000242059997618,0.162420622562,0.00396390794106,0.00390346803043,0.00934266834692,0.100431035427,0.00040431924719,26.9157533538,-0.0782036260502,7.28042561102
2015-12-01 16:15:21,50.373722666666666,-43.58551333333334,213.5,12.61,35.561,0.25200000219,0.000242059997618,0.162420622562,0.00396390794106,0.00390346803043,0.00934266834692,0.100431035427,0.00040431924719,26.9157609612,-0.0782036260502,7.28042561102
2015-12-01 16:15:21,50.373722666666666,-43.58551333333334,214.2,12.609,35.561,0.240000002086,0.000248429997555,0.158473339004,0.00371535533644,0.00386686408113,0.00959605255165,0.0952586215889,0.000447557256627,26.9159762215,1.45337314423,7.99590153189
2015-12-01 16:15:21,50.373722666666666,-43.58551333333334,214.6,12.609,35.561,0.240000002086,0.000248429997555,0.158473339004,0.00371535533644,0.00386686408113,0.00959605255165,0.0952586215889,0.000447557256627,26.9159863645,1.45337314423,7.99590153189
2015-12-01 16:15:21,50.373722666666666,-43.58551333333334,215.2,12.608,35.561,0.240000002086,0.000242059997618,0.145986145079,0.00437347614701,0.00389546091652,0.0104691790151,0.0952586215889,0.000447556359629,26.9161990761,1.45334137078,7.99588668893
2015-12-01 16:15:21,50.373722666666666,-43.58551333333334,215.8,12.608,35.561,0.240000002086,0.000242059997618,0.158944479168,0.00363306680444,0.00346422063887,0.0106510131153,0.0952586215889,0.000447556359629,26.9162142902,1.45334137078,7.99588668893
2015-12-01 16:15:21,50.373722666666666,-43.58551333333334,216.4,12.606,35.56,0.300000002608,0.000254799997492,0.158944479168,0.00363306680444,0.00346422063887,0.0106510131153,0.121120690779,0.000447556442909,26.9158488554,1.45334432073,7.99588806699
2015-12-01 16:15:21,50.373722666666666,-43.58551333333334,217.3,12.607,35.56,0.264000002295,0.000267539997367,0.162674008869,0.00394685040937,0.00413338658695,0.0104764416197,0.105603449265,0.000447557340036,26.9156742038,1.45337609874,7.99590291209
2015-12-01 16:15:21,50.373722666666666,-43.58551333333334,217.6,12.607,35.56,0.264000002295,0.000267539997367,0.162674008869,0.00394685040937,0.00413338658695,0.0104764416197,0.105603449265,0.000447557340036,26.9156818109,1.45337609874,7.99590291209
2015-12-01 16:15:21,50.373722666666666,-43.58551333333334,218.3,12.6,35.559,0.264000002295,0.000242059997618,0.142656490643,0.00424845006309,0.00463554701635,0.0106510131153,0.105603449265,0.000425933483072,26.9163060085,0.687415837391,7.6380846597
2015-12-01 16:15:21,50.373722666666666,-43.58551333333334,218.7,12.6,35.559,0.264000002295,0.000242059997618,0.142656490643,0.00424845006309,0.00463554701635,0.0106510131153,0.105603449265,0.000425933483072,26.9163161444,0.687415837391,7.6380846597
2015-12-01 16:15:21,50.373722666666666,-43.58551333333334,219.3,12.604,35.558,0.25200000219,0.000254799997492,0.158473339004,0.00421583456293,0.00299609044357,0.0104912358142,0.100431035427,0.000404319497179,26.9147660607,-0.0781947709272,7.28042974769
2015-12-01 16:15:21,50.373722666666666,-43.58551333333334,219.8,12.604,35.558,0.25200000219,0.000254799997492,0.158473339004,0.00421583456293,0.00299609044357,0.0104912358142,0.100431035427,0.000404319497179,26.9147787367,-0.0781947709272,7.28042974769
2015-12-01 16:15:21,50.373722666666666,-43.58551333333334,220.4,12.609,35.561,0.264000002295,0.00026116999743,0.160935937172,0.0032887295988,0.00407333323263,0.0105356183978,0.105603449265,0.000469176709809,26.916133471,2.21917741484,8.35364691322
2015-12-01 16:15:21,50.373722666666666,-43.58551333333334,220.8,12.609,35.561,0.264000002295,0.00026116999743,0.160935937172,0.0032887295988,0.00407333323263,0.0105356183978,0.105603449265,0.000469176709809,26.9161436185,2.21917741484,8.35364691322
2015-12-01 16:15:21,50.373722666666666,-43.58551333333334,221.5,12.61,35.561,0.228000001982,0.000242059997618,0.165132647875,0.00398621394404,0.00367583722074,0.0109191915145,0.0900862077508,0.000382699794008,26.9159638883,-0.844007896663,6.92268022969
2015-12-01 16:15:21,50.373722666666666,-43.58551333333334,221.9,12.61,35.561,0.228000001982,0.000242059997618,0.165132647875,0.00398621394404,0.00367583722074,0.0109191915145,0.0900862077508,0.000382699794008,26.9159740377,-0.844007896663,6.92268022969
2015-12-01 16:15:21,50.373722666666666,-43.58551333333334,222.6,12.615,35.562,0.25200000219,0.000267539997367,0.153983650383,0.00331440961904,0.004078480663,0.00996483147381,0.100431035427,0.000447560759779,26.9157798167,1.45349723289,7.99595949989
2015-12-01 16:15:21,50.373722666666666,-43.58551333333334,223.2,12.614,35.561,0.25200000219,0.000267539997367,0.160318308049,0.00359032925252,0.00301696613341,0.00997478393196,0.100431035427,0.000447561740555,26.9152169905,1.45353197393,7.99597572917
2015-12-01 16:15:21,50.373722666666666,-43.58551333333334,223.7,12.614,35.561,0.25200000219,0.000242059997618,0.160318308049,0.00359032925252,0.00301696613341,0.00997478393196,0.100431035427,0.000447561740555,26.9152296844,1.45353197393,7.99597572917
2015-12-01 16:15:21,50.373722666666666,-43.58551333333334,224.4,12.603,35.558,0.25200000219,0.000242059997618,0.157677547634,0.00402051645282,0.00423805100446,0.010737088429,0.100431035427,0.00044755750623,26.9150927958,1.45338198567,7.99590566217
2015-12-01 16:15:21,50.373722666666666,-43.58551333333334,224.8,12.603,35.558,0.25200000219,0.00026116999743,0.157677547634,0.00402051645282,0.00423805100446,0.010737088429,0.100431035427,0.000469176959412,26.9151029393,2.21918625628,8.3536510435
2015-12-01 16:15:21,50.373722666666666,-43.58551333333334,225.5,12.605,35.56,0.25200000219,0.00026116999743,0.14815576533,0.003783960354,0.00439504763074,0.010252645804,0.100431035427,0.000469174998894,26.9162770789,2.21911681083,8.35361860206
2015-12-01 16:15:21,50.373722666666666,-43.58551333333334,226.4,12.606,35.56,0.25200000219,0.00026116999743,0.14815576533,0.003783960354,0.00439504763074,0.010252645804,0.100431035427,0.000490795349273,26.9161024742,2.98495286196,8.71137882966
2015-12-01 16:15:21,50.373722666666666,-43.58551333333334,226.6,12.606,35.56,0.25200000219,0.00026116999743,0.154854665812,0.00454142722826,0.00455719168739,0.0102305890049,0.100431035427,0.000490795349273,26.9161075485,2.98495286196,8.71137882966
2015-12-01 16:15:21,50.373722666666666,-43.58551333333334,227.5,12.603,35.558,0.25200000219,0.000254799997492,0.154854665812,0.00454142722826,0.00455719168739,0.0102305890049,0.100431035427,0.000534035318958,26.9151714158,4.51659906812,9.42688718749
2015-12-01 16:15:21,50.373722666666666,-43.58551333333334,227.7,12.603,35.558,0.25200000219,0.000254799997492,0.16480799667,0.0046030967659,0.00437417194091,0.0104715998833,0.100431035427,0.000534035318958,26.9151764887,4.51659906812,9.42688718749
2015-12-01 16:15:21,50.373722666666666,-43.58551333333334,228.6,12.596,35.558,0.25200000219,0.00026116999743,0.16480799667,0.0046030967659,0.00437417194091,0.0104715998833,0.100431035427,0.000425931769877,26.9165808922,0.687355152575,7.6380563108
2015-12-01 16:15:21,50.373722666666666,-43.58551333333334,229.3,12.601,35.558,0.240000002086,0.000242059997618,0.165461258242,0.00385256537157,0.00365753524609,0.0108920239937,0.0952586215889,0.000425936258209,26.9156118544,0.687514138294,7.63813058096
2015-12-01 16:15:21,50.373722666666666,-43.58551333333334,229.7,12.601,35.558,0.240000002086,0.000242059997618,0.165461258242,0.00385256537157,0.00365753524609,0.0108920239937,0.0952586215889,0.000425936258209,26.9156219994,0.687514138294,7.63813058096
2015-12-01 16:15:21,50.373722666666666,-43.58551333333334,230.3,12.599,35.558,0.264000002295,0.000254799997492,0.175089937894,0.00389024189761,0.00384341467611,0.0103952080424,0.105603449265,0.000490792822634,26.9160319536,2.98486336336,8.71133702039
2015-12-01 16:15:21,50.373722666666666,-43.58551333333334,230.7,12.599,35.558,0.264000002295,0.000254799997492,0.175089937894,0.00389024189761,0.00384341467611,0.0103952080424,0.105603449265,0.000490792822634,26.9160420972,2.98486336336,8.71133702039
2015-12-01 16:15:21,50.373722666666666,-43.58551333333334,231.4,12.592,35.555,0.240000002086,0.000248429997555,0.16708847343,0.00451406019939,0.0037647733788,0.0107395092972,0.0952586215889,0.000447553264405,26.9151141769,1.45323173176,7.99583547107
2015-12-01 16:15:21,50.373722666666666,-43.58551333333334,231.9,12.592,35.555,0.240000002086,0.000248429997555,0.16708847343,0.00451406019939,0.0037647733788,0.0107395092972,0.0952586215889,0.000447553264405,26.9151268473,1.45323173176,7.99583547107
2015-12-01 16:15:21,50.373722666666666,-43.58551333333334,232.5,12.59,35.556,0.240000002086,0.00026116999743,0.153623366728,0.00393297944953,0.00423290357409,0.0107739394227,0.0952586215889,0.000469169043458,26.9163122369,2.21890585737,8.35352005518
2015-12-01 16:15:21,50.373722666666666,-43.58551333333334,232.9,12.59,35.556,0.240000002086,0.00026116999743,0.153623366728,0.00393297944953,0.00423290357409,0.0107739394227,0.0952586215889,0.000469169043458,26.9163223721,2.21890585737,8.35352005518
2015-12-01 16:15:21,50.373722666666666,-43.58551333333334,233.6,12.591,35.557,0.240000002086,0.000248429997555,0.168137651106,0.0038370074031,0.00394264569491,0.0103779929796,0.0952586215889,0.000577265329801,26.9169184901,6.04789251221,10.1422307526
2015-12-01 16:15:21,50.373722666666666,-43.58551333333334,234.2,12.588,35.555,0.240000002086,0.000248429997555,0.160900304722,0.00353372074076,0.00386686408113,0.0109167706464,0.0952586215889,0.000577266390579,26.9159741579,6.04793008709,10.1422483057
2015-12-01 16:15:21,50.373722666666666,-43.58551333333334,234.7,12.588,35.555,0.25200000219,0.000254799997492,0.160900304722,0.00353372074076,0.00386686408113,0.0109167706464,0.100431035427,0.000490788577851,26.9159868256,2.98471300463,8.71126678033
2015-12-01 16:15:21,50.373722666666666,-43.58551333333334,235.3,12.585,35.554,0.25200000219,0.000254799997492,0.164265591607,0.0047266232866,0.00389546091652,0.0110125294329,0.100431035427,0.000490787760319,26.9158180261,2.98468404601,8.71125325232
2015-12-01 16:15:21,50.373722666666666,-43.58551333333334,235.8,12.585,35.554,0.216000001878,0.000267539997367,0.164265591607,0.0047266232866,0.00389546091652,0.0110125294329,0.0849137939127,0.000404309947591,26.9158306905,-0.0785330364421,7.28027172699
2015-12-01 16:15:21,50.373722666666666,-43.58551333333334,236.4,12.583,35.554,0.216000001878,0.000267539997367,0.174436676323,0.00396728195832,0.00450228576345,0.0108011069436,0.0849137939127,0.000404308150309,26.9162402672,-0.0785966997718,7.28024198668
2015-12-01 16:15:21,50.373722666666666,-43.58551333333334,236.8,12.583,35.554,0.25200000219,0.000254799997492,0.174436676323,0.00396728195832,0.00450228576345,0.0108011069436,0.100431035427,0.000447547056673,26.9162503973,1.45301184145,7.99573274934
2015-12-01 16:15:21,50.373722666666666,-43.58551333333334,237.5,12.585,35.555,0.25200000219,0.000254799997492,0.174725695079,0.00436841512112,0.00515057602169,0.0106117412534,0.100431035427,0.000447546976056,26.9166494105,1.45300898586,7.99573141535
2015-12-01 16:15:21,50.373722666666666,-43.58551333333334,238.3,12.584,35.555,0.240000002086,0.000248429997555,0.174725695079,0.00436841512112,0.00515057602169,0.0106117412534,0.0952586215889,0.000490784983802,26.9168668685,2.98458569622,8.71120730822
2015-12-01 16:15:21,50.373722666666666,-43.58551333333334,238.5,12.584,35.555,0.240000002086,0.000248429997555,0.15952251668,0.00368461429032,0.00436359111182,0.0105673586698,0.0952586215889,0.000490784983802,26.9168719349,2.98458569622,8.71120730822
2015-12-01 16:15:21,50.373722666666666,-43.58551333333334,239.4,12.584,35.554,0.25200000219,0.000254799997492,0.15952251668,0.00368461429032,0.00436359111182,0.0105673586698,0.100431035427,0.000447547955349,26.9161190738,1.45304367437,7.99574762008
2015-12-01 16:15:21,50.373722666666666,-43.58551333333334,240.0,12.567,35.551,0.216000001878,0.000254799997492,0.16180299344,0.00415079100803,0.00394264569491,0.0109315648409,0.0849137939127,0.000469157755939,26.917157854,2.21850603088,8.35333327627
2015-12-01 16:15:21,50.373722666666666,-43.58551333333334,240.6,12.567,35.551,0.216000001878,0.000254799997492,0.174725695079,0.00419521556858,0.00554263863485,0.0117086635325,0.0849137939127,0.000469157755939,26.9171730265,2.21850603088,8.35333327627
2015-12-01 16:15:21,50.373722666666666,-43.58551333333334,241.4,12.566,35.551,0.240000002086,0.000267539997367,0.174725695079,0.00419521556858,0.00554263863485,0.0117086635325,0.0952586215889,0.00049077630928,26.917390259,2.98427842733,8.71106376759
2015-12-01 16:15:21,50.373722666666666,-43.58551333333334,241.7,12.566,35.551,0.240000002086,0.000267539997367,0.180335826274,0.00423982757454,0.00381453187237,0.0107274049562,0.0952586215889,0.00049077630928,26.9173978451,2.98427842733,8.71106376759
2015-12-01 16:15:21,50.373722666666666,-43.58551333333334,242.5,12.566,35.55,0.228000001982,0.00026116999743,0.180335826274,0.00423982757454,0.00381453187237,0.0107274049562,0.0900862077508,0.000490778187517,26.9166423788,2.98434495821,8.71109484749
2015-12-01 16:15:21,50.373722666666666,-43.58551333333334,242.7,12.566,35.55,0.228000001982,0.00026116999743,0.177730698309,0.0046030967659,0.00417285021978,0.0104495430841,0.0900862077508,0.000490778187517,26.9166474365,2.98434495821,8.71109484749
2015-12-01 16:15:21,50.373722666666666,-43.58551333333334,243.5,12.558,35.546,0.240000002086,0.000254799997492,0.177730698309,0.0046030967659,0.00417285021978,0.0104495430841,0.0952586215889,0.000425920140393,26.9151404196,0.68694321301,7.63786387327
2015-12-01 16:15:21,50.373722666666666,-43.58551333333334,243.7,12.558,35.546,0.240000002086,0.000254799997492,0.181206841703,0.00454311423689,0.00344591866422,0.0105108717451,0.0952586215889,0.000425920140393,26.915145473,0.68694321301,7.63786387327
2015-12-01 16:15:21,50.373722666666666,-43.58551333333334,244.5,12.555,35.548,0.204000001773,0.00026116999743,0.181206841703,0.00454311423689,0.00344591866422,0.0105108717451,0.0797413800747,0.000469152588381,26.9173077849,2.21832298563,8.35324776671
2015-12-01 16:15:21,50.373722666666666,-43.58551333333334,245.1,12.561,35.549,0.204000001773,0.00026116999743,0.172263096911,0.00526815305639,0.00381710558756,0.0108207428745,0.0797413800747,0.000469156112457,26.9169172295,2.21844781545,8.35330608094
2015-12-01 16:15:21,50.373722666666666,-43.58551333333334,245.7,12.561,35.549,0.216000001878,0.000242059997618,0.170924900479,0.00448838017916,0.0050301833447,0.0119300384799,0.0849137939127,0.000404297752911,26.9169323974,-0.078964996386,7.28006993695
2015-12-01 16:15:21,50.373722666666666,-43.58551333333334,246.4,12.555,35.549,0.25200000219,0.000248429997555,0.170924900479,0.00448838017916,0.0050301833447,0.0119300384799,0.100431035427,0.000447531256775,26.9181315056,1.45245217748,7.99547130237
2015-12-01 16:15:21,50.373722666666666,-43.58551333333334,247.0,12.525,35.544,0.25200000219,0.000248429997555,0.175557118897,0.00472831029523,0.00280792326672,0.0108331162008,0.100431035427,0.000447513600326,26.9201695664,1.45182675075,7.99517913434
2015-12-01 16:15:21,50.373722666666666,-43.58551333333334,247.6,12.525,35.544,0.204000001773,0.000242059997618,0.169622336496,0.00486870690221,0.00416741682106,0.0111674649975,0.0797413800747,0.000425894147144,26.9201846769,0.686022480136,7.63743375301
2015-12-01 16:15:21,50.373722666666666,-43.58551333333334,248.5,12.515,35.543,0.228000001982,0.000248429997555,0.188479820536,0.00468032427201,0.00464326816191,0.0122668081448,0.0900862077508,0.000490745355315,26.9213967412,2.98318197597,8.71055156046
2015-12-01 16:15:21,50.373722666666666,-43.58551333333334,249.4,12.464,35.53,0.216000001878,0.000248429997555,0.188048271983,0.00453974021963,0.00439504763074,0.0105157134815,0.0849137939127,0.000706918160735,26.9213399458,10.6404550896,12.2876458587
2015-12-01 16:15:21,50.373722666666666,-43.58551333333334,249.6,12.464,35.53,0.216000001878,0.000248429997555,0.188048271983,0.00453974021963,0.00439504763074,0.0105157134815,0.0849137939127,0.000706918160735,26.9213449493,10.6404550896,12.2876458587
2015-12-01 16:15:21,50.373722666666666,-43.58551333333334,255.0,12.29,35.497,0.120000001043,0.000248429997555,nan,nan,nan,nan,0.0435344832082,0.000360910174002,26.9298243505,-1.61583981651,6.56211903268
2015-12-01 16:15:21,50.373722666666666,-43.58551333333334,259.4,12.264,35.494,0.120000001043,0.000248429997555,nan,nan,nan,nan,0.0435344832082,0.000360891912233,26.9326697613,-1.61648668488,6.56181684819
2015-12-01 16:15:21,50.373722666666666,-43.58551333333334,268.7,12.201,35.477,0.0480000004172,0.00023568999768,nan,nan,nan,nan,0.0125000001798,0.000274387997765,26.9319385987,-4.68062834316,5.13040340737
2015-12-01 16:15:21,50.373722666666666,-43.58551333333334,274.9,11.189,35.302,0.0480000004172,0.000210209997931,nan,nan,nan,nan,0.0125000001798,0.000252128329574,26.9864189925,-5.46911030983,4.76206414281
2015-12-01 16:15:21,50.373722666666666,-43.58551333333334,278.4,11.198,35.302,0.0480000004172,0.000210209997931,nan,nan,nan,nan,0.0125000001798,0.000252137286363,26.9848647533,-5.46879304244,4.76221235423
2015-12-01 16:15:21,50.373722666666666,-43.58551333333334,288.5,10.706,35.226,0.0480000004172,0.000242059997618,nan,nan,nan,nan,0.0125000001798,0.000273403563027,27.0147102739,-4.71549899047,5.11411358829
2015-12-01 16:15:21,50.373722666666666,-43.58551333333334,295.0,10.663,35.22,0.0360000003129,0.000210209997931,nan,nan,nan,nan,0.00732758634178,0.000273370678221,27.0178363362,-4.71666383605,5.11356943081
2015-12-01 16:15:21,50.373722666666666,-43.58551333333334,299.5,10.657,35.223,0.0360000003129,0.000210209997931,nan,nan,nan,nan,0.00732758634178,0.000273358743191,27.0213522777,-4.71708659868,5.11337193729
2015-12-01 16:15:21,50.373722666666666,-43.58551333333334,310.5,10.807,35.29,0.0360000003129,0.000242059997618,nan,nan,nan,nan,0.00732758634178,0.000230146137176,27.0471411943,-6.24776352894,4.39831637659
2015-12-01 16:15:21,50.373722666666666,-43.58551333333334,315.1,10.807,35.29,0.0360000003129,0.000242059997618,nan,nan,nan,nan,0.00732758634178,0.000230146137176,27.0472689575,-6.24776352894,4.39831637659
2015-12-01 16:15:21,50.373722666666666,-43.58551333333334,322.5,10.976,35.333,0.0600000005215,0.000222949997806,nan,nan,nan,nan,0.0176724140179,0.00029509447446,27.0505806989,-3.94716352567,5.47304141671
2015-12-01 16:15:21,50.373722666666666,-43.58551333333334,333.6,10.869,35.315,0.0120000001043,0.000216579997868,nan,nan,nan,nan,-0.00301724133435,0.000230161773107,27.056149022,-6.247209673,4.39857511033
2015-12-01 16:15:21,50.373722666666666,-43.58551333333334,335.1,10.869,35.315,0.0120000001043,0.000216579997868,nan,nan,nan,nan,-0.00301724133435,0.000230161773107,27.0561910025,-6.247209673,4.39857511033
2015-12-01 16:15:21,50.373722666666666,-43.58551333333334,345.1,10.449,35.244,0.0480000004172,0.000229319997743,nan,nan,nan,nan,0.0125000001798,0.00027310196706,27.0756272445,-4.72618212279,5.10912296419
2015-12-01 16:15:21,50.373722666666666,-43.58551333333334,355.1,10.476,35.268,0.0360000003129,0.000210209997931,nan,nan,nan,nan,0.00732758634178,0.000229845437039,27.0898748635,-6.25841492921,4.39334057611
2015-12-01 16:15:21,50.373722666666666,-43.58551333333334,356.2,10.49,35.272,0.0360000003129,0.000210209997931,nan,nan,nan,nan,0.00732758634178,0.000229852443511,27.0905621028,-6.25816674597,4.39345651489
2015-12-01 16:15:21,50.373722666666666,-43.58551333333334,366.7,10.328,35.256,0.0360000003129,0.000216579997868,nan,nan,nan,nan,0.00732758634178,0.000251332023008,27.1066404584,-5.49731708103,4.74888735272
2015-12-01 16:15:21,50.373722666666666,-43.58551333333334,375.1,10.201,35.244,0.0480000004172,0.000222949997806,nan,nan,nan,nan,0.0125000001798,0.00029445892172,27.1194737124,-3.96967607482,5.46252468183
2015-12-01 16:15:21,50.373722666666666,-43.58551333333334,377.8,10.191,35.243,0.0480000004172,0.000222949997806,nan,nan,nan,nan,0.0125000001798,0.000294450158755,27.1204794897,-3.96998647658,5.46237967769
2015-12-01 16:15:21,50.373722666666666,-43.58551333333334,388.6,10.052,35.23,0.0360000003129,0.000210209997931,nan,nan,nan,nan,0.00732758634178,0.000315945335213,27.1344485308,-3.20858433607,5.81806860442
2015-12-01 16:15:21,50.373722666666666,-43.58551333333334,395.0,9.896,35.214,0.0360000003129,0.000197469998056,nan,nan,nan,nan,0.00732758634178,0.000294187457033,27.1486477693,-3.97929189699,5.45803265156
2015-12-01 16:15:21,50.373722666666666,-43.58551333333334,400.1,9.578,35.18,0.0360000003129,0.000197469998056,nan,nan,nan,nan,0.00732758634178,0.000293902510994,27.1755235858,-3.98938525556,5.4533175402
2015-12-01 16:15:21,50.373722666666666,-43.58551333333334,411.4,9.483,35.174,0.0360000003129,0.000210209997931,nan,nan,nan,nan,0.00732758634178,0.000228949581651,27.1867965768,-6.29014791876,4.37851651352
2015-12-01 16:15:21,50.373722666666666,-43.58551333333334,415.1,9.483,35.174,0.0360000003129,0.000210209997931,nan,nan,nan,nan,0.00732758634178,0.000228949581651,27.1868742177,-6.29014791876,4.37851651352
2015-12-01 16:15:21,50.373722666666666,-43.58551333333334,423.1,9.318,35.17,0.0360000003129,0.000216579997868,nan,nan,nan,nan,0.00732758634178,0.000272010232106,27.2110000431,-4.76485355834,5.0910576073
2015-12-01 16:15:21,50.373722666666666,-43.58551333333334,435.0,9.235,35.167,0.0240000002086,0.000222949997806,nan,nan,nan,nan,0.00215517250371,0.00020706333574,27.2224138211,-7.06540252143,4.0163564106
2015-12-01 16:15:21,50.373722666666666,-43.58551333333334,435.2,9.239,35.169,0.0240000002086,0.000222949997806,nan,nan,nan,nan,0.00215517250371,0.00020706402615,27.2233336707,-7.06537806572,4.01636783508
2015-12-01 16:15:21,50.373722666666666,-43.58551333333334,447.5,9.097,35.151,0.0480000004172,0.000210209997931,nan,nan,nan,nan,0.0125000001798,0.000228555754568,27.2324506266,-6.30409806171,4.37199970576
2015-12-01 16:15:21,50.373722666666666,-43.58551333333334,454.9,8.882,35.14,0.0360000003129,0.000216579997868,nan,nan,nan,nan,0.00732758634178,0.000293186399417,27.2583332804,-4.01475135984,5.44146776736
2015-12-01 16:15:21,50.373722666666666,-43.58551333333334,460.8,8.706,35.125,0.0360000003129,0.000216579997868,nan,nan,nan,nan,0.00732758634178,0.000293009035792,27.2744449788,-4.02103393418,5.43853286345
2015-12-01 16:15:21,50.373722666666666,-43.58551333333334,474.4,8.588,35.121,0.0360000003129,0.000216579997868,nan,nan,nan,nan,0.00732758634178,0.000292877040352,27.2899887728,-4.02570947664,5.4363486843
2015-12-01 16:15:21,50.373722666666666,-43.58551333333334,474.9,8.588,35.121,0.0360000003129,0.000216579997868,nan,nan,nan,nan,0.00732758634178,0.000292877040352,27.2899982635,-4.02570947664,5.4363486843
2015-12-01 16:15:21,50.373722666666666,-43.58551333333334,489.0,8.457,35.115,0.0480000004172,0.000216579997868,nan,nan,nan,nan,0.0125000001798,0.000271112832011,27.3058299932,-4.7966412645,5.07620798384
2015-12-01 16:15:21,50.373722666666666,-43.58551333333334,495.1,8.078,35.076,0.0480000004172,0.000216579997868,nan,nan,nan,nan,0.0125000001798,0.00027072889179,27.3329279736,-4.81024119501,5.06985477779
2015-12-01 16:15:21,50.373722666666666,-43.58551333333334,504.6,8.025,35.087,0.0360000003129,0.000216579997868,nan,nan,nan,nan,0.00732758634178,0.000292261620535,27.3496681229,-4.04750887742,5.42616509661
2015-12-01 16:15:21,50.373722666666666,-43.58551333333334,515.1,7.928,35.085,0.0360000003129,0.000216579997868,nan,nan,nan,nan,0.00732758634178,0.000292145580689,27.3627082307,-4.05161924085,5.42424494078
2015-12-01 16:15:21,50.373722666666666,-43.58551333333334,519.6,7.94,35.087,0.0360000003129,0.000216579997868,nan,nan,nan,nan,0.00732758634178,0.000292156547372,27.3625740822,-4.051230779,5.42442641069
2015-12-01 16:15:21,50.373722666666666,-43.58551333333334,533.9,7.457,35.05,0.0480000004172,0.000229319997743,nan,nan,nan,nan,0.0125000001798,0.000270001802002,27.4041167086,-4.83599616948,5.05782334428
2015-12-01 16:15:21,50.373722666666666,-43.58551333333334,535.0,7.457,35.05,0.0480000004172,0.000229319997743,nan,nan,nan,nan,0.0125000001798,0.000270001802002,27.4041338081,-4.83599616948,5.05782334428
2015-12-01 16:15:21,50.373722666666666,-43.58551333333334,545.7,nan,nan,0.0480000004172,0.000210209997931,nan,nan,nan,nan,0.0125000001798,nan,nan,nan,nan
2015-12-01 16:15:21,50.373722666666666,-43.58551333333334,548.7,nan,nan,0.0360000003129,0.000229319997743,nan,nan,nan,nan,0.00732758634178,nan,nan,nan,nan
